Frequency	Mean Amplitude	Error Amplitude	Mean Phaseshift	Error  Phaseshift1,000000E+2	2,294363E-6	2,954179E-7	-5,021460E-1	2,279420E-1
1,050000E+2	2,047860E-6	2,880089E-7	-6,365334E-1	2,155426E-1
1,100000E+2	1,905861E-6	2,760815E-7	-7,090343E-1	2,078194E-1
1,150000E+2	1,825611E-6	2,606715E-7	-6,980312E-1	2,122597E-1
1,200000E+2	1,798031E-6	2,460657E-7	-6,374003E-1	2,267083E-1
1,250000E+2	7,690532E-6	3,872128E-6	-5,825408E-1	2,245277E-1
1,300000E+2	7,519627E-6	3,768795E-6	-4,977797E-1	2,396317E-1
1,350000E+2	7,252361E-6	3,597654E-6	-4,765125E-1	2,501418E-1
1,400000E+2	8,048932E-6	3,499216E-6	-3,345181E-1	2,642324E-1
1,450000E+2	8,139711E-6	3,364435E-6	-4,008306E-1	2,622904E-1
1,500000E+2	7,884611E-6	3,249447E-6	-3,126906E-1	2,686582E-1
1,550000E+2	7,516120E-6	3,154295E-6	-3,442426E-1	2,714244E-1
1,600000E+2	7,147961E-6	3,070472E-6	-3,150940E-1	2,768297E-1
1,650000E+2	6,798656E-6	2,994917E-6	-2,381735E-1	2,829373E-1
1,700000E+2	6,471996E-6	2,925910E-6	-2,275440E-1	2,840268E-1
1,750000E+2	7,604008E-6	3,068458E-6	-1,774767E-1	2,833978E-1
1,800000E+2	7,369610E-6	3,019978E-6	-1,538638E-1	2,823021E-1
1,850000E+2	7,050098E-6	2,964336E-6	-1,033462E-1	2,842423E-1
1,900000E+2	6,757616E-6	2,911527E-6	-5,458614E-2	2,832018E-1
1,950000E+2	6,488621E-6	2,861367E-6	-9,617114E-3	2,823235E-1
2,000000E+2	6,260699E-6	2,811686E-6	-1,241143E-2	2,796848E-1
