Frequency	Mean Amplitude	Error Amplitude	Mean Phaseshift	Error  Phaseshift2,400000E+3	1,929412E-7	2,133528E-8	-1,495777E+0	1,184543E-1
2,405000E+3	2,035212E-7	4,161933E-9	-1,562386E+0	2,417795E-2
2,410000E+3	2,174019E-7	5,059723E-9	-1,499682E+0	3,069037E-2
2,415000E+3	2,075000E-7	4,095890E-9	-1,570796E+0	0,000000E+0
2,420000E+3	2,230147E-7	6,842040E-9	-1,331185E+0	2,270471E-1
2,425000E+3	2,132770E-7	6,836070E-9	-1,529652E+0	5,480733E-2
2,430000E+3	2,166659E-7	5,408916E-9	-1,504440E+0	2,344512E-2
2,435000E+3	2,145941E-7	4,863170E-9	-1,487433E+0	2,616060E-2
2,440000E+3	2,040386E-7	5,095045E-9	-1,410101E+0	2,744310E-2
2,445000E+3	2,019443E-7	4,251828E-9	-1,394013E+0	2,719939E-2
2,450000E+3	2,163671E-7	2,183706E-8	-1,215306E+0	1,262043E-1
2,455000E+3	2,078460E-7	4,729655E-9	-1,278101E+0	2,653747E-2
2,460000E+3	2,094998E-7	5,051397E-9	-1,083155E+0	1,503867E-2
2,465000E+3	1,500520E-7	6,217139E-9	-3,911541E-1	6,034326E-2
2,470000E+3	2,043058E-7	3,693157E-9	1,198959E+0	4,209606E-2
2,475000E+3	1,930336E-7	1,144331E-8	2,874279E+0	6,259344E-2
2,480000E+3	2,164040E-7	1,037280E-8	-2,514007E+0	4,693055E-2
2,485000E+3	2,276186E-7	8,705054E-9	-2,335246E+0	5,223014E-2
2,490000E+3	2,359143E-7	6,153495E-9	-2,070372E+0	3,082654E-2
2,495000E+3	2,302858E-7	7,586209E-9	-2,088544E+0	2,930685E-2
2,500000E+3	2,323158E-7	1,478688E-8	-1,945477E+0	6,823278E-2
Frequency	Mean Amplitude	Error Amplitude	Mean Phaseshift	Error  Phaseshift2,460000E+3	2,114523E-7	5,906861E-9	-1,106567E+0	2,549417E-2
2,462500E+3	1,867234E-7	8,141446E-9	-8,259636E-1	5,376734E-2
2,465000E+3	1,511267E-7	6,430699E-9	-3,714145E-1	4,256044E-2
2,467500E+3	1,547102E-7	6,548438E-9	1,868326E-1	3,552591E-2
2,470000E+3	2,027349E-7	5,249374E-9	1,133983E+0	2,783659E-2
2,472500E+3	2,161208E-7	4,683557E-9	2,056268E+0	4,290053E-2
2,475000E+3	2,146388E-7	1,651185E-8	2,325335E+0	4,014534E-1
Frequency	Mean Amplitude	Error Amplitude	Mean Phaseshift	Error  Phaseshift2,460000E+3	2,061550E-7	9,934290E-9	-1,044390E+0	3,598789E-2
2,470000E+3	1,962360E-7	8,859836E-9	1,103124E+0	3,255669E-2
2,480000E+3	2,061050E-7	1,031284E-8	-2,210968E+0	2,864878E-1
Frequency	Mean Amplitude	Error Amplitude	Mean Phaseshift	Error  Phaseshift2,465000E+3	1,560846E-7	5,194136E-9	-4,786866E-1	6,317536E-2
2,470000E+3	2,012054E-7	5,810095E-9	1,119211E+0	2,462600E-2
2,475000E+3	2,328539E-7	1,456218E-8	2,886573E+0	6,213715E-2
2,480000E+3	2,219261E-7	1,087930E-8	-2,231146E+0	2,875441E-1
2,485000E+3	2,352145E-7	7,430922E-9	-2,264822E+0	3,726605E-2
2,490000E+3	2,286324E-7	5,011724E-9	-2,101670E+0	3,200342E-2
2,495000E+3	2,218520E-7	8,213198E-9	-2,026549E+0	2,760971E-2
2,500000E+3	2,171850E-7	1,077442E-8	-1,930288E+0	6,771925E-2
2,505000E+3	2,278641E-7	6,082617E-9	-1,941022E+0	3,283864E-2
2,510000E+3	2,219134E-7	3,659600E-9	-1,939125E+0	3,035479E-2
2,515000E+3	2,115171E-7	4,504591E-9	-1,842832E+0	4,076490E-2
2,520000E+3	2,203771E-7	4,778894E-9	-1,845583E+0	3,105594E-2
Frequency	Mean Amplitude	Error Amplitude	Mean Phaseshift	Error  Phaseshift2,465000E+3	1,718024E-7	1,021851E-8	-4,375188E-1	6,339507E-2
2,466000E+3	1,623743E-7	8,142063E-9	-2,081171E-1	4,984615E-2
2,467000E+3	1,871327E-7	2,189249E-8	-2,728275E-2	2,033743E-2
2,468000E+3	1,688652E-7	8,459064E-9	3,707466E-1	5,373298E-2
2,469000E+3	1,820299E-7	8,078918E-9	8,688855E-1	4,363246E-2
2,470000E+3	2,144526E-7	1,452777E-8	1,147953E+0	4,171645E-2
2,471000E+3	2,008631E-7	6,403224E-9	1,536429E+0	1,887434E-2
2,472000E+3	2,201122E-7	6,979744E-9	1,944543E+0	3,404558E-2
2,473000E+3	2,180136E-7	1,140193E-8	2,341945E+0	3,485955E-2
2,474000E+3	2,464139E-7	7,797420E-9	2,540194E+0	5,346164E-2
2,475000E+3	2,457161E-7	1,538727E-8	1,495054E+0	5,809996E-1
2,476000E+3	2,256532E-7	1,165426E-8	2,821216E+0	3,038678E-1
2,477000E+3	2,106560E-7	1,117810E-8	1,995202E-1	6,758624E-1
2,478000E+3	2,182718E-7	1,304330E-8	-1,843047E+0	4,825088E-1
2,479000E+3	2,005097E-7	1,185631E-8	-2,699653E+0	4,858686E-2
2,480000E+3	2,153238E-7	1,028709E-8	-2,493973E+0	5,803051E-2
