Frequency	Mean Amplitude	Error Amplitude	Mean Phaseshift	Error  Phaseshift2,425000E+3	2,221808E-7	1,090798E-8	-1,528181E+0	4,427619E-2
2,425250E+3	2,367230E-7	8,389278E-9	-1,536320E+0	4,253384E-2
2,425500E+3	2,776411E-7	2,226094E-8	-1,392048E+0	1,453942E-1
2,425750E+3	2,252402E-7	1,723190E-8	-1,431264E+0	6,159002E-2
2,426000E+3	2,267344E-7	2,126464E-8	-1,491059E+0	9,740075E-2
2,426250E+3	2,195339E-7	8,287199E-9	-1,483846E+0	5,404293E-2
2,426500E+3	2,134900E-7	5,947181E-9	-1,431866E+0	2,677414E-2
2,426750E+3	2,226289E-7	6,010495E-9	-1,505154E+0	3,058838E-2
2,427000E+3	2,089786E-7	4,154532E-9	-1,511931E+0	2,349245E-2
2,427250E+3	2,161483E-7	6,406801E-9	-1,525099E+0	2,168278E-2
2,427500E+3	2,238582E-7	5,792544E-9	-1,516689E+0	2,166566E-2
2,427750E+3	2,083631E-7	5,548011E-9	-1,536429E+0	1,887434E-2
2,428000E+3	2,177475E-7	6,633269E-9	-1,560927E+0	9,869778E-3
2,428250E+3	2,100600E-7	5,128755E-9	-1,468966E+0	2,884797E-2
2,428500E+3	2,117864E-7	5,833361E-9	-1,499682E+0	2,502065E-2
2,428750E+3	2,095339E-7	4,264525E-9	-1,514310E+0	2,875434E-2
2,429000E+3	2,150290E-7	5,193734E-9	-1,470073E+0	2,580428E-2
2,429250E+3	2,183029E-7	5,590691E-9	-1,538808E+0	1,758283E-2
2,429500E+3	2,097298E-7	6,338770E-9	-1,482135E+0	2,846066E-2
2,429750E+3	2,158648E-7	5,268497E-9	-1,456159E+0	2,995682E-2
2,430000E+3	2,157143E-7	4,959621E-9	-1,466630E+0	3,145415E-2
2,430250E+3	2,150892E-7	5,060803E-9	-1,492191E+0	3,049621E-2
2,430500E+3	2,096543E-7	3,940706E-9	-1,485054E+0	2,680663E-2
2,430750E+3	2,170339E-7	5,237911E-9	-1,489812E+0	2,548652E-2
2,431000E+3	2,007228E-7	5,550551E-9	-1,466443E+0	3,419305E-2
2,431250E+3	2,182048E-7	5,189479E-9	-1,443196E+0	2,672334E-2
2,431500E+3	2,083223E-7	7,170243E-9	-1,438590E+0	2,811205E-2
2,431750E+3	2,107650E-7	4,155692E-9	-1,440816E+0	2,715284E-2
2,432000E+3	2,170339E-7	6,371311E-9	-1,489812E+0	2,548652E-2
2,432250E+3	2,194737E-7	5,531222E-9	-1,492191E+0	2,478211E-2
2,432500E+3	2,204572E-7	6,380969E-9	-1,453065E+0	2,718526E-2
2,432750E+3	2,124019E-7	5,783070E-9	-1,475184E+0	2,696160E-2
2,433000E+3	2,107048E-7	4,313410E-9	-1,443196E+0	2,672334E-2
2,433250E+3	2,095657E-7	3,302301E-9	-1,412876E+0	3,147056E-2
2,433500E+3	2,119737E-7	7,041790E-9	-1,492191E+0	2,478211E-2
2,433750E+3	2,184117E-7	6,474015E-9	-1,434938E+0	2,591160E-2
2,434000E+3	2,098417E-7	4,239343E-9	-1,477563E+0	2,636629E-2
2,434250E+3	2,119737E-7	4,824005E-9	-1,492191E+0	2,478211E-2
2,434500E+3	2,144453E-7	4,520173E-9	-1,417634E+0	3,094375E-2
2,434750E+3	2,150290E-7	5,193734E-9	-1,470073E+0	2,580428E-2
2,435000E+3	2,236999E-7	5,541111E-9	-1,423456E+0	2,517088E-2
2,435250E+3	2,132650E-7	4,548284E-9	-1,440816E+0	2,715284E-2
2,435500E+3	2,105174E-7	4,022395E-9	-1,450686E+0	2,765230E-2
2,435750E+3	2,053169E-7	4,973421E-9	-1,383080E+0	3,062405E-2
2,436000E+3	2,058252E-7	2,675340E-9	-1,438437E+0	2,756484E-2
2,436250E+3	2,195339E-7	5,403989E-9	-1,489812E+0	2,548652E-2
2,436500E+3	2,077474E-7	4,952552E-9	-1,461476E+0	2,821536E-2
2,436750E+3	2,086726E-7	4,172322E-9	-1,443910E+0	2,999397E-2
2,437000E+3	2,163203E-7	4,896473E-9	-1,418698E+0	2,587218E-2
2,437250E+3	2,254667E-7	5,329971E-9	-1,476500E+0	3,146297E-2
2,437500E+3	2,238872E-7	5,733219E-9	-1,415965E+0	2,369789E-2
2,437750E+3	2,135727E-7	4,511304E-9	-1,428567E+0	2,682763E-2
2,438000E+3	2,147531E-7	4,478695E-9	-1,405385E+0	3,016738E-2
2,438250E+3	2,116883E-7	4,059284E-9	-1,404070E+0	2,524346E-2
2,438500E+3	2,077699E-7	3,298152E-9	-1,460556E+0	2,796012E-2
2,438750E+3	2,208732E-7	4,947239E-9	-1,384582E+0	3,217744E-2
2,439000E+3	2,068087E-7	2,352634E-9	-1,399311E+0	2,575497E-2
2,439250E+3	2,180654E-7	4,852913E-9	-1,396831E+0	3,331150E-2
2,439500E+3	2,157650E-7	6,050124E-9	-1,440816E+0	2,715284E-2
2,439750E+3	2,119960E-7	5,417725E-9	-1,391821E+0	2,392275E-2
2,440000E+3	2,140874E-7	5,923110E-9	-1,408061E+0	2,490555E-2
2,440250E+3	2,168756E-7	4,946951E-9	-1,396579E+0	2,345130E-2
2,440500E+3	2,143851E-7	5,911761E-9	-1,420013E+0	3,066239E-2
2,440750E+3	2,178970E-7	5,236007E-9	-1,455444E+0	2,669890E-2
2,441000E+3	2,159618E-7	5,054951E-9	-1,456760E+0	3,128187E-2
2,441250E+3	2,193154E-7	5,260389E-9	-1,398958E+0	2,319273E-2
2,441500E+3	2,079572E-7	3,654837E-9	-1,453065E+0	2,718526E-2
2,441750E+3	2,172632E-7	5,945909E-9	-1,381184E+0	2,220635E-2
2,442000E+3	2,178084E-7	4,782120E-9	-1,383266E+0	2,756210E-2
2,442250E+3	2,127114E-7	4,465440E-9	-1,382665E+0	2,595908E-2
2,442500E+3	2,113391E-7	4,924588E-9	-1,366115E+0	3,135742E-2
2,442750E+3	2,099242E-7	3,093454E-9	-1,374813E+0	2,248078E-2
2,443000E+3	2,137601E-7	4,766284E-9	-1,421077E+0	2,552977E-2
2,443250E+3	2,199309E-7	5,157486E-9	-1,374460E+0	1,946944E-2
2,443500E+3	2,070562E-7	2,592612E-9	-1,389441E+0	2,413651E-2
2,443750E+3	2,157556E-7	5,498884E-9	-1,404081E+0	3,428567E-2
2,444000E+3	2,170055E-7	4,637378E-9	-1,415255E+0	3,121304E-2
2,444250E+3	2,094771E-7	2,506072E-9	-1,340698E+0	2,671721E-2
2,444500E+3	2,186999E-7	5,357596E-9	-1,423456E+0	2,517088E-2
2,444750E+3	2,155248E-7	6,973869E-9	-1,398443E+0	3,329083E-2
2,445000E+3	2,209540E-7	5,401326E-9	-1,353056E+0	1,868120E-2
2,445250E+3	2,178385E-7	5,362554E-9	-1,377554E+0	2,372819E-2
2,445500E+3	2,237986E-7	5,327154E-9	-1,343787E+0	1,756354E-2
2,445750E+3	2,082366E-7	2,690377E-9	-1,366259E+0	2,602773E-2
2,446000E+3	2,082021E-7	3,817322E-9	-1,374669E+0	3,139462E-2
2,446250E+3	2,124722E-7	3,483404E-9	-1,320958E+0	2,050050E-2
2,446500E+3	2,157649E-7	6,050195E-9	-1,328065E+0	2,914269E-2
2,446750E+3	2,089519E-7	3,356714E-9	-1,357104E+0	2,746605E-2
2,447000E+3	2,231163E-7	5,591917E-9	-1,357716E+0	3,715008E-2
2,447250E+3	2,145073E-7	4,362729E-9	-1,334985E+0	2,217136E-2
2,447500E+3	2,205861E-7	5,580935E-9	-1,367684E+0	2,144004E-2
2,447750E+3	2,163220E-7	4,892443E-9	-1,338428E+0	1,468928E-2
2,448000E+3	2,091976E-7	4,361116E-9	-1,328053E+0	1,763317E-2
2,448250E+3	2,123424E-7	2,908227E-9	-1,298027E+0	3,017178E-2
2,448500E+3	2,117432E-7	3,905680E-9	-1,305122E+0	3,150210E-2
2,448750E+3	2,193240E-7	7,333998E-9	-1,385471E+0	3,830730E-2
2,449000E+3	2,200217E-7	1,079828E-8	-1,279471E+0	4,946213E-2
2,449250E+3	2,212497E-7	7,428922E-9	-1,412722E+0	4,030437E-2
2,449500E+3	2,119202E-7	5,571682E-9	-1,350028E+0	3,270698E-2
2,449750E+3	2,160021E-7	1,017757E-8	-1,253799E+0	3,436351E-2
2,450000E+3	1,980734E-7	1,742187E-8	-1,151562E+0	1,126610E-1
2,450250E+3	1,544514E-7	2,117567E-8	-8,936835E-1	1,615683E-1
2,450500E+3	2,206584E-7	1,710629E-8	-1,304331E+0	8,094252E-2
2,450750E+3	2,105027E-7	7,909338E-9	-1,317383E+0	4,132170E-2
2,451000E+3	2,173003E-7	6,903850E-9	-1,314608E+0	3,560977E-2
2,451250E+3	2,167296E-7	5,272932E-9	-1,341521E+0	2,028488E-2
2,451500E+3	2,188202E-7	6,252152E-9	-1,305946E+0	2,277873E-2
2,451750E+3	2,181548E-7	3,862730E-9	-1,289473E+0	3,183161E-2
2,452000E+3	2,156274E-7	4,471137E-9	-1,314182E+0	2,151101E-2
2,452250E+3	2,212290E-7	4,772390E-9	-1,318478E+0	2,908865E-2
2,452500E+3	2,101879E-7	5,482261E-9	-1,284319E+0	2,690503E-2
2,452750E+3	2,194255E-7	4,307095E-9	-1,258199E+0	2,397075E-2
2,453000E+3	2,194047E-7	4,362323E-9	-1,291600E+0	2,157635E-2
2,453250E+3	2,143609E-7	3,969675E-9	-1,272322E+0	3,523917E-2
2,453500E+3	2,159625E-7	3,518228E-9	-1,277224E+0	2,829418E-2
2,453750E+3	2,158448E-7	3,879882E-9	-1,310025E+0	2,311315E-2
2,454000E+3	2,135872E-7	2,621046E-9	-1,199332E+0	2,694312E-2
2,454250E+3	2,148777E-7	5,513594E-9	-1,214741E+0	2,555937E-2
2,454500E+3	2,189088E-7	3,276337E-9	-1,198773E+0	2,414538E-2
2,454750E+3	2,183820E-7	5,425680E-9	-1,245919E+0	3,009581E-2
2,455000E+3	2,173208E-7	2,778293E-9	-1,218862E+0	2,573327E-2
2,455250E+3	2,121815E-7	5,638210E-9	-1,248143E+0	2,286390E-2
2,455500E+3	2,186180E-7	4,899931E-9	-1,242964E+0	3,102430E-2
2,455750E+3	2,200339E-7	4,199428E-9	-1,217403E+0	2,900670E-2
2,456000E+3	2,213785E-7	4,392326E-9	-1,134050E+0	2,235420E-2
2,456250E+3	2,022648E-7	5,567524E-9	-1,225584E+0	4,094264E-2
2,456500E+3	2,308140E-7	4,999480E-9	-1,180823E+0	2,183945E-2
2,456750E+3	2,227963E-7	5,674629E-9	-1,214784E+0	2,465186E-2
2,457000E+3	2,150726E-7	6,256725E-9	-1,211504E+0	2,682910E-2
2,457250E+3	2,189088E-7	3,276337E-9	-1,198773E+0	2,414538E-2
2,457500E+3	2,214647E-7	4,885020E-9	-1,199092E+0	2,644862E-2
2,457750E+3	2,103425E-7	4,478299E-9	-1,139324E+0	2,497823E-2
2,458000E+3	2,219778E-7	3,447925E-9	-1,126955E+0	1,702654E-2
2,458250E+3	2,242603E-7	4,182073E-9	-1,131112E+0	1,727765E-2
2,458500E+3	2,217998E-7	4,005540E-9	-1,162134E+0	2,428247E-2
2,458750E+3	2,140151E-7	7,061925E-9	-1,124312E+0	1,616250E-2
2,459000E+3	2,154000E-7	5,014980E-9	-1,108903E+0	1,901218E-2
2,459250E+3	2,262712E-7	6,982416E-9	-1,144623E+0	2,562359E-2
2,459500E+3	2,158213E-7	4,708182E-9	-1,136988E+0	2,292886E-2
2,459750E+3	2,131021E-7	6,123747E-9	-1,078319E+0	1,777732E-2
2,460000E+3	2,153552E-7	7,685063E-9	-1,074876E+0	1,735590E-2
2,460250E+3	2,218190E-7	4,709152E-9	-1,081786E+0	2,747011E-2
2,460500E+3	2,229922E-7	5,253927E-9	-1,087817E+0	1,496402E-2
2,460750E+3	2,176706E-7	5,101634E-9	-1,088376E+0	1,932301E-2
2,461000E+3	2,084416E-7	4,741272E-9	-1,063624E+0	1,360746E-2
2,461250E+3	2,072325E-7	5,981067E-9	-1,036646E+0	2,277987E-2
2,461500E+3	2,026881E-7	5,343629E-9	-1,019891E+0	1,907287E-2
2,461750E+3	1,974060E-7	8,601896E-9	-1,021436E+0	4,041638E-2
2,462000E+3	1,980938E-7	5,175080E-9	-9,896138E-1	3,969377E-2
2,462250E+3	2,068452E-7	8,398221E-9	-9,578974E-1	4,600703E-2
2,462500E+3	2,122632E-7	6,566858E-9	-1,031240E+0	3,558218E-2
2,462750E+3	2,003764E-7	6,174271E-9	-9,937708E-1	4,055007E-2
2,463000E+3	2,079188E-7	1,031037E-8	-9,466575E-1	4,361068E-2
2,463250E+3	1,996204E-7	6,888888E-9	-8,928794E-1	4,754472E-2
2,463500E+3	1,924652E-7	8,757439E-9	-8,884159E-1	4,950871E-2
2,463750E+3	1,894198E-7	8,491918E-9	-8,034491E-1	3,831924E-2
2,464000E+3	2,120820E-7	6,371132E-9	-8,792140E-1	3,774871E-2
2,464250E+3	1,886160E-7	5,956081E-9	-9,029584E-1	4,534284E-2
2,464500E+3	1,735373E-7	7,290218E-9	-7,233643E-1	6,081038E-2
2,464750E+3	1,976998E-7	6,938779E-9	-7,366769E-1	6,139192E-2
2,465000E+3	1,873696E-7	9,980590E-9	-7,145582E-1	6,527520E-2
2,465250E+3	1,869172E-7	7,476138E-9	-6,338684E-1	5,728843E-2
2,465500E+3	1,694468E-7	1,003362E-8	-5,265963E-1	5,657540E-2
2,465750E+3	1,742990E-7	6,766218E-9	-4,750345E-1	5,521542E-2
2,466000E+3	1,485275E-7	7,485326E-9	-4,446137E-1	5,915730E-2
2,466250E+3	1,707283E-7	8,816351E-9	-3,608768E-1	6,284820E-2
2,466500E+3	1,702306E-7	7,768117E-9	-3,368174E-1	4,192863E-2
2,466750E+3	1,753595E-7	8,503958E-9	-2,430671E-1	5,285802E-2
2,467000E+3	1,605874E-7	9,831968E-9	-1,224825E-1	3,492812E-2
2,467250E+3	1,602475E-7	7,055133E-9	-9,869778E-3	9,869778E-3
2,467500E+3	1,662171E-7	8,100947E-9	-4,826258E-2	2,635710E-2
2,467750E+3	1,637434E-7	8,699954E-9	-4,913969E-2	2,852346E-2
2,468000E+3	1,612171E-7	9,273767E-9	4,826258E-2	2,635710E-2
2,468250E+3	1,634300E-7	9,004752E-9	1,357951E-1	3,875792E-2
2,468500E+3	1,495285E-7	2,726444E-9	8,043764E-2	3,196268E-2
2,468750E+3	1,931137E-7	1,247542E-8	1,233596E-1	3,649674E-2
2,469000E+3	1,715602E-7	8,712055E-9	2,752422E-1	4,093851E-2
2,469250E+3	1,664599E-7	1,004229E-8	3,297655E-1	5,043056E-2
2,469500E+3	1,676899E-7	6,805996E-9	4,688168E-1	5,673222E-2
2,469750E+3	1,920183E-7	6,801535E-9	6,632685E-1	4,917800E-2
2,470000E+3	1,890345E-7	8,556151E-9	8,066198E-1	4,655807E-2
2,470250E+3	1,939286E-7	5,811562E-9	8,903137E-1	3,407075E-2
2,470500E+3	1,854536E-7	7,189001E-9	8,948428E-1	3,834478E-2
2,470750E+3	2,045539E-7	4,632302E-9	1,009144E+0	2,524541E-2
2,471000E+3	1,964506E-7	9,684969E-9	1,065356E+0	4,030028E-2
2,471250E+3	1,962433E-7	5,682751E-9	1,180974E+0	3,440434E-2
2,471500E+3	1,987811E-7	6,224150E-9	1,248119E+0	2,405703E-2
2,471750E+3	2,053451E-7	7,102172E-9	1,358186E+0	2,197867E-2
2,472000E+3	2,049621E-7	4,386177E-9	1,472805E+0	2,753322E-2
2,472250E+3	2,049621E-7	4,386177E-9	1,497303E+0	3,129193E-2
2,472500E+3	2,082135E-7	5,242317E-9	1,599133E+0	1,970031E-2
2,472750E+3	2,081954E-7	2,853333E-9	1,726086E+0	3,915931E-2
2,473000E+3	2,139259E-7	6,222717E-9	1,922347E+0	4,319633E-2
2,473250E+3	2,149076E-7	6,025036E-9	1,993954E+0	2,506983E-2
2,473500E+3	2,139933E-7	5,534012E-9	2,114816E+0	2,078441E-2
2,473750E+3	2,081883E-7	5,294730E-9	2,106262E+0	3,130777E-2
2,474000E+3	2,302663E-7	8,436806E-9	2,236865E+0	4,445774E-2
2,474250E+3	2,228151E-7	1,278038E-8	2,330633E+0	7,476510E-2
2,474500E+3	2,179740E-7	7,208625E-9	2,369945E+0	3,439002E-2
2,474750E+3	2,222683E-7	1,169076E-8	2,485713E+0	5,184720E-2
2,475000E+3	2,046476E-7	1,145782E-8	2,679147E+0	5,244030E-2
2,475250E+3	2,221030E-7	1,669425E-8	2,731018E+0	6,317068E-2
2,475500E+3	2,443724E-7	2,340395E-8	1,928551E+0	3,478315E-1
2,475750E+3	2,041401E-7	1,045501E-8	2,832212E+0	5,059143E-2
2,476000E+3	1,909671E-7	1,095819E-8	2,988624E+0	4,465597E-2
2,476250E+3	1,980187E-7	1,127085E-8	3,021676E+0	3,186636E-2
2,476500E+3	1,973654E-7	1,129017E-8	2,753213E+0	3,013657E-1
2,476750E+3	1,958114E-7	1,125751E-8	3,109418E+0	2,214439E-2
2,477000E+3	1,850000E-7	1,094243E-8	3,141593E+0	0,000000E+0
2,477250E+3	1,679545E-7	1,004281E-8	2,829046E+0	3,039668E-1
2,477500E+3	1,768703E-7	9,845886E-9	1,330857E+0	6,347291E-1
2,477750E+3	1,889882E-7	1,065848E-8	-1,558497E-1	6,843314E-1
2,478000E+3	1,877711E-7	1,086280E-8	4,242062E-1	6,893908E-1
2,478250E+3	1,892357E-7	1,073566E-8	-4,601392E-1	6,747466E-1
2,478500E+3	1,981430E-7	1,227828E-8	-7,301263E-1	6,520710E-1
2,478750E+3	1,916622E-7	9,639880E-9	-1,559697E+0	5,412394E-1
2,479000E+3	2,071465E-7	1,167620E-8	-1,567230E+0	5,419068E-1
2,479250E+3	1,865766E-7	9,428849E-9	-1,593626E+0	5,442125E-1
2,479500E+3	2,110009E-7	1,142164E-8	-2,696001E+0	5,061250E-2
2,479750E+3	2,201826E-7	1,286492E-8	-2,378837E+0	2,951261E-1
2,480000E+3	1,963772E-7	9,419996E-9	-2,618920E+0	5,993048E-2
2,480250E+3	2,269261E-7	1,027149E-8	-2,498940E+0	5,425797E-2
2,480500E+3	1,999609E-7	6,846531E-9	-2,517594E+0	5,464479E-2
2,480750E+3	1,998968E-7	1,004276E-8	-2,559435E+0	5,041605E-2
2,481000E+3	2,330705E-7	9,041232E-9	-2,562061E+0	5,678913E-2
2,481250E+3	2,152836E-7	6,893880E-9	-2,456644E+0	5,228327E-2
2,481500E+3	1,987670E-7	9,574302E-9	-2,549187E+0	5,510663E-2
2,481750E+3	1,922967E-7	8,574660E-9	-2,503404E+0	5,790786E-2
2,482000E+3	2,143489E-7	8,674037E-9	-2,452619E+0	4,223878E-2
2,482250E+3	2,140702E-7	7,430263E-9	-2,340732E+0	4,548361E-2
2,482500E+3	2,264659E-7	7,567916E-9	-2,309770E+0	2,767989E-2
2,482750E+3	1,952839E-7	9,567532E-9	-2,376746E+0	4,274748E-2
2,483000E+3	2,158013E-7	8,674872E-9	-2,317051E+0	4,506126E-2
2,483250E+3	2,332707E-7	9,486226E-9	-2,343819E+0	5,094847E-2
2,483500E+3	2,165865E-7	9,148764E-9	-2,343009E+0	5,116799E-2
2,483750E+3	2,182690E-7	5,659835E-9	-2,241971E+0	2,421267E-2
2,484000E+3	2,192943E-7	7,813605E-9	-2,257554E+0	3,549078E-2
2,484250E+3	2,233873E-7	6,681206E-9	-2,222045E+0	3,207129E-2
2,484500E+3	2,223682E-7	5,970992E-9	-2,229536E+0	4,073698E-2
2,484750E+3	2,178238E-7	5,972789E-9	-2,199926E+0	2,520092E-2
2,485000E+3	2,295760E-7	4,700814E-9	-2,191100E+0	3,167270E-2
2,485250E+3	2,205363E-7	4,375286E-9	-2,195463E+0	3,105342E-2
2,485500E+3	2,346924E-7	4,698625E-9	-2,190662E+0	2,782513E-2
2,485750E+3	2,237449E-7	1,010009E-8	-2,238167E+0	3,969733E-2
2,486000E+3	2,135936E-7	6,294502E-9	-2,128086E+0	2,544084E-2
2,486250E+3	2,151854E-7	9,090919E-9	-2,193895E+0	3,266291E-2
2,486500E+3	2,256704E-7	6,060500E-9	-2,172424E+0	2,171943E-2
2,486750E+3	2,255610E-7	5,115790E-9	-2,125015E+0	3,219601E-2
2,487000E+3	2,369525E-7	7,621062E-9	-2,123494E+0	2,296880E-2
2,487250E+3	2,224316E-7	5,252523E-9	-2,144382E+0	3,065656E-2
2,487500E+3	2,297027E-7	4,363039E-9	-2,176953E+0	2,724925E-2
2,487750E+3	2,115612E-7	5,697830E-9	-2,051552E+0	3,509264E-2
2,488000E+3	2,210558E-7	5,777959E-9	-2,096283E+0	2,680422E-2
2,488250E+3	2,235802E-7	5,789717E-9	-2,100769E+0	3,707994E-2
2,488500E+3	2,187763E-7	6,332670E-9	-2,045016E+0	3,008943E-2
2,488750E+3	2,333173E-7	4,059091E-9	-2,121596E+0	2,017560E-2
2,489000E+3	2,216778E-7	9,553082E-9	-2,119609E+0	2,902788E-2
2,489250E+3	2,179892E-7	5,029954E-9	-2,109409E+0	3,682573E-2
2,489500E+3	2,214043E-7	5,027010E-9	-2,033687E+0	2,318955E-2
2,489750E+3	2,211525E-7	4,955330E-9	-2,015033E+0	3,105291E-2
2,490000E+3	2,317087E-7	4,046180E-9	-2,090341E+0	2,154050E-2
2,490250E+3	2,293478E-7	5,254612E-9	-2,110825E+0	2,804739E-2
2,490500E+3	2,242174E-7	5,008286E-9	-2,045893E+0	2,847237E-2
2,490750E+3	2,261859E-7	6,134141E-9	-2,038755E+0	2,549972E-2
2,491000E+3	2,308892E-7	4,813265E-9	-2,071369E+0	3,476376E-2
2,491250E+3	2,213610E-7	4,438385E-9	-2,066137E+0	3,192095E-2
2,491500E+3	2,257197E-7	3,977542E-9	-2,079846E+0	2,969715E-2
2,491750E+3	2,250642E-7	4,268140E-9	-2,030682E+0	2,628707E-2
2,492000E+3	2,276131E-7	4,086281E-9	-2,072751E+0	2,694203E-2
2,492250E+3	2,239238E-7	5,657382E-9	-2,048392E+0	2,623612E-2
2,492500E+3	2,196846E-7	4,374920E-9	-2,035002E+0	2,888970E-2
2,492750E+3	2,113544E-7	4,890026E-9	-1,999012E+0	3,372427E-2
2,493000E+3	2,279883E-7	4,567135E-9	-2,010318E+0	2,157975E-2
2,493250E+3	2,267826E-7	5,475488E-9	-1,978496E+0	3,677336E-2
2,493500E+3	2,346826E-7	4,724295E-9	-2,011831E+0	3,053202E-2
2,493750E+3	2,306897E-7	4,629904E-9	-2,051004E+0	3,400467E-2
2,494000E+3	2,199283E-7	4,481326E-9	-1,999660E+0	2,956076E-2
2,494250E+3	2,321337E-7	5,072981E-9	-1,969762E+0	2,505135E-2
2,494500E+3	2,185364E-7	3,567585E-9	-1,980797E+0	3,541667E-2
2,494750E+3	2,327290E-7	4,932183E-9	-1,984371E+0	3,944321E-2
2,495000E+3	2,259110E-7	3,357920E-9	-2,015472E+0	2,338784E-2
2,495250E+3	2,275413E-7	4,291827E-9	-2,012259E+0	1,610776E-2
2,495500E+3	2,286496E-7	3,397888E-9	-2,040114E+0	2,777702E-2
2,495750E+3	2,165366E-7	5,062138E-9	-2,013761E+0	1,953753E-2
2,496000E+3	2,168313E-7	5,048111E-9	-1,999823E+0	3,217919E-2
2,496250E+3	2,134846E-7	5,957341E-9	-1,910000E+0	2,778637E-2
2,496500E+3	2,185305E-7	5,101222E-9	-1,907970E+0	4,050571E-2
2,496750E+3	2,212387E-7	5,397058E-9	-1,949991E+0	3,486238E-2
2,497000E+3	2,261020E-7	5,144681E-9	-1,927830E+0	4,202945E-2
2,497250E+3	2,259806E-7	4,024808E-9	-1,957987E+0	2,824739E-2
2,497500E+3	2,168832E-7	2,135671E-9	-1,933412E+0	3,497629E-2
2,497750E+3	2,211010E-7	3,549263E-9	-1,962745E+0	2,671285E-2
2,498000E+3	2,204236E-7	5,323332E-9	-1,872954E+0	3,832744E-2
2,498250E+3	2,284903E-7	5,925746E-9	-1,965209E+0	2,255040E-2
2,498500E+3	2,299358E-7	5,756217E-9	-1,969203E+0	2,619504E-2
2,498750E+3	2,219925E-7	5,592973E-9	-1,922556E+0	3,810869E-2
2,499000E+3	2,338246E-7	6,074361E-9	-1,933550E+0	4,112790E-2
2,499250E+3	2,275305E-7	6,198008E-9	-1,984395E+0	5,026909E-2
2,499500E+3	2,189626E-7	7,881938E-9	-1,963514E+0	3,636168E-2
2,499750E+3	2,166426E-7	7,037391E-9	-1,902035E+0	3,413076E-2
2,500000E+3	2,053896E-7	1,320910E-8	-1,873963E+0	6,043645E-2
2,500250E+3	2,011716E-7	1,565247E-8	-2,043195E+0	9,625340E-2
2,500500E+3	2,274646E-7	9,276083E-9	-1,933152E+0	7,260414E-2
2,500750E+3	2,198408E-7	7,847307E-9	-1,896563E+0	4,204541E-2
2,501000E+3	2,178835E-7	7,351200E-9	-1,916086E+0	4,676230E-2
2,501250E+3	2,166272E-7	4,120943E-9	-1,847711E+0	3,889950E-2
2,501500E+3	2,231549E-7	4,876826E-9	-1,897596E+0	4,060400E-2
2,501750E+3	2,239769E-7	6,110190E-9	-1,900071E+0	3,036531E-2
2,502000E+3	2,150186E-7	4,542236E-9	-1,911227E+0	3,403681E-2
2,502250E+3	2,045793E-7	4,572973E-9	-1,877868E+0	3,454117E-2
2,502500E+3	2,267863E-7	4,828580E-9	-1,943059E+0	2,359202E-2
2,502750E+3	2,179984E-7	6,695306E-9	-1,925218E+0	3,268466E-2
2,503000E+3	2,233032E-7	4,505445E-9	-1,881970E+0	5,020302E-2
2,503250E+3	2,201940E-7	4,528333E-9	-1,911227E+0	3,650708E-2
2,503500E+3	2,246035E-7	4,747597E-9	-1,931874E+0	3,369870E-2
2,503750E+3	2,128728E-7	4,040429E-9	-1,833839E+0	3,956361E-2
2,504000E+3	2,138270E-7	4,605524E-9	-1,831208E+0	4,430785E-2
2,504250E+3	2,222118E-7	6,269835E-9	-1,831887E+0	4,581684E-2
2,504500E+3	2,147522E-7	3,674134E-9	-1,848774E+0	4,227698E-2
2,504750E+3	2,298303E-7	4,746247E-9	-1,940517E+0	2,908606E-2
2,505000E+3	2,211801E-7	6,606861E-9	-1,881826E+0	3,782803E-2
2,505250E+3	2,210606E-7	5,768372E-9	-1,881508E+0	3,702949E-2
2,505500E+3	2,175368E-7	4,744824E-9	-1,909449E+0	3,559508E-2
2,505750E+3	2,314822E-7	5,920409E-9	-1,890314E+0	3,106034E-2
2,506000E+3	2,240971E-7	5,284000E-9	-1,851044E+0	3,574728E-2
2,506250E+3	2,247126E-7	5,151583E-9	-1,875542E+0	2,897354E-2
2,506500E+3	2,096256E-7	9,409189E-9	-1,830746E+0	4,880429E-2
2,506750E+3	2,182000E-7	5,200062E-9	-1,878426E+0	3,379798E-2
2,507000E+3	2,222823E-7	4,950082E-9	-1,854487E+0	3,919580E-2
2,507250E+3	2,332367E-7	6,179848E-9	-1,829856E+0	3,490506E-2
2,507500E+3	2,199395E-7	4,452053E-9	-1,856265E+0	4,015413E-2
2,507750E+3	2,230438E-7	4,451155E-9	-1,856102E+0	4,315999E-2
2,508000E+3	2,182202E-7	5,155256E-9	-1,828367E+0	4,219453E-2
2,508250E+3	2,278742E-7	7,064909E-9	-1,909780E+0	3,314272E-2
2,508500E+3	2,229168E-7	6,521707E-9	-1,827862E+0	3,698310E-2
2,508750E+3	2,219746E-7	5,012034E-9	-1,842238E+0	4,166847E-2
2,509000E+3	2,163194E-7	4,173265E-9	-1,835462E+0	4,128419E-2
2,509250E+3	2,223134E-7	5,509512E-9	-1,751888E+0	4,099689E-2
2,509500E+3	2,160624E-7	4,084949E-9	-1,849026E+0	3,499848E-2
2,509750E+3	2,143446E-7	3,089758E-9	-1,851868E+0	3,969613E-2
2,510000E+3	2,164409E-7	5,273356E-9	-1,740954E+0	3,840696E-2
2,510250E+3	2,287910E-7	6,900319E-9	-1,791419E+0	3,815301E-2
2,510500E+3	2,205372E-7	5,069777E-9	-1,864795E+0	3,869192E-2
2,510750E+3	2,297623E-7	6,626415E-9	-1,882022E+0	2,391392E-2
2,511000E+3	2,202473E-7	4,389707E-9	-1,868514E+0	3,734057E-2
2,511250E+3	2,248203E-7	6,612648E-9	-1,806026E+0	4,126995E-2
2,511500E+3	2,284365E-7	7,040409E-9	-1,808935E+0	3,357893E-2
2,511750E+3	2,277098E-7	6,875839E-9	-1,804710E+0	4,255902E-2
2,512000E+3	2,143267E-7	4,065616E-9	-1,803725E+0	4,021755E-2
2,512250E+3	2,128367E-7	4,869523E-9	-1,787475E+0	3,781853E-2
2,512500E+3	2,153333E-7	4,481358E-9	-1,864862E+0	4,182916E-2
2,512750E+3	2,154072E-7	3,439139E-9	-1,842250E+0	3,461009E-2
2,513000E+3	2,196215E-7	5,810167E-9	-1,791620E+0	4,536024E-2
2,513250E+3	2,148313E-7	4,276643E-9	-1,800030E+0	4,360929E-2
2,513500E+3	2,212009E-7	7,053000E-9	-1,735877E+0	3,719792E-2
2,513750E+3	2,156643E-7	3,546087E-9	-1,828685E+0	4,083716E-2
2,514000E+3	2,229375E-7	5,374785E-9	-1,861263E+0	3,942863E-2
2,514250E+3	2,113486E-7	4,903085E-9	-1,752043E+0	3,806118E-2
2,514500E+3	2,165749E-7	5,597613E-9	-1,791158E+0	4,316721E-2
2,514750E+3	2,212073E-7	6,036358E-9	-1,774634E+0	4,424998E-2
2,515000E+3	2,158036E-7	3,998734E-9	-1,782321E+0	4,100907E-2
2,515250E+3	2,137412E-7	4,069832E-9	-1,771639E+0	3,083374E-2
2,515500E+3	2,188194E-7	4,401313E-9	-1,835462E+0	4,128419E-2
2,515750E+3	2,130355E-7	5,693468E-9	-1,752350E+0	4,528865E-2
2,516000E+3	2,234392E-7	6,589087E-9	-1,771531E+0	4,262655E-2
2,516250E+3	2,226100E-7	5,476290E-9	-1,739476E+0	4,468600E-2
2,516500E+3	2,283545E-7	6,195219E-9	-1,830481E+0	3,653624E-2
2,516750E+3	2,150309E-7	4,511570E-9	-1,756045E+0	4,225266E-2
2,517000E+3	2,204657E-7	5,230771E-9	-1,773405E+0	3,975658E-2
2,517250E+3	2,149104E-7	4,804105E-9	-1,751286E+0	4,202493E-2
2,517500E+3	2,156257E-7	4,475532E-9	-1,747141E+0	3,348409E-2
2,517750E+3	2,254591E-7	5,930317E-9	-1,782098E+0	3,592406E-2
2,518000E+3	2,175487E-7	3,957286E-9	-1,804187E+0	4,455609E-2
2,518250E+3	2,216489E-7	5,720499E-9	-1,781846E+0	4,302573E-2
2,518500E+3	2,184815E-7	3,740370E-9	-1,817500E+0	4,595682E-2
2,518750E+3	2,271723E-7	5,816315E-9	-1,713728E+0	3,273091E-2
2,519000E+3	2,341349E-7	6,999478E-9	-1,748798E+0	3,548908E-2
2,519250E+3	2,163752E-7	4,767099E-9	-1,821842E+0	3,430565E-2
2,519500E+3	2,243456E-7	5,351073E-9	-1,752602E+0	3,861565E-2
2,519750E+3	2,208160E-7	5,079934E-9	-1,830957E+0	5,112258E-2
2,520000E+3	2,208337E-7	5,039158E-9	-1,788033E+0	3,834935E-2
2,520250E+3	2,239569E-7	6,662235E-9	-1,817324E+0	3,151416E-2
2,520500E+3	2,115190E-7	3,697293E-9	-1,791476E+0	4,185631E-2
2,520750E+3	2,127765E-7	5,006108E-9	-1,785095E+0	3,779965E-2
2,521000E+3	2,210616E-7	5,766284E-9	-1,669490E+0	3,336077E-2
2,521250E+3	2,187714E-7	6,840507E-9	-1,790653E+0	3,806312E-2
2,521500E+3	2,093757E-7	2,918299E-9	-1,749268E+0	4,113306E-2
2,521750E+3	2,162000E-7	4,487265E-9	-1,722391E+0	4,227972E-2
2,522000E+3	2,174198E-7	7,621381E-9	-1,723598E+0	3,194104E-2
2,522250E+3	2,188072E-7	6,276104E-9	-1,786159E+0	4,135210E-2
2,522500E+3	2,087000E-7	4,835857E-9	-1,722391E+0	4,227972E-2
2,522750E+3	2,102060E-7	6,019457E-9	-1,762495E+0	4,273882E-2
2,523000E+3	2,101772E-7	1,135674E-8	-1,777119E+0	4,929002E-2
2,523250E+3	2,142019E-7	4,398122E-9	-1,787223E+0	4,653301E-2
2,523500E+3	2,198760E-7	6,899853E-9	-1,742876E+0	4,530988E-2
2,523750E+3	2,141294E-7	9,661608E-9	-1,794306E+0	6,315387E-2
2,524000E+3	2,630394E-7	2,985514E-8	-9,702861E-1	3,748548E-1
2,524250E+3	2,635799E-7	2,593070E-8	-8,997419E-1	4,165931E-1
2,524500E+3	2,629828E-7	3,241591E-8	-1,067646E+0	3,679238E-1
2,524750E+3	2,239705E-7	1,194768E-8	-1,543061E+0	1,359338E-1
2,525000E+3	3,764975E-7	3,554068E-8	-1,187370E+0	4,324198E-1
