
Frequency	Mean Amplitude	Error Amplitude	Mean Phaseshift	Error  Phaseshift	Temperature	Error  Temperature1.250000E+2	4.101818E-5	2.133219E-6	-5.496820E-1	2.211445E-1	3.750966E+1	7.140866E-16
1.252500E+2	3.251608E-5	6.611873E-7	1.886366E-2	3.898954E-1	3.750966E+1	7.140866E-16
1.255000E+2	1.822164E-5	3.818075E-7	-8.656852E-2	3.912678E-1	3.750966E+1	7.140866E-16
1.257500E+2	1.070259E-5	3.645554E-7	-8.035418E-2	3.916906E-1	3.750966E+1	7.140866E-16
1.260000E+2	6.250295E-6	3.217089E-7	-1.273138E+0	3.576802E-1	3.750966E+1	7.140866E-16
1.262500E+2	4.823284E-6	3.711595E-7	1.306006E-1	3.484336E-1	3.752506E+1	1.089037E-2
1.265000E+2	3.951543E-6	3.830319E-7	-2.456281E-1	3.240064E-1	3.754816E+1	1.695629E-2
1.267500E+2	3.011503E-6	3.521437E-7	-1.417093E-1	2.314667E-1	3.758667E+1	2.334699E-2
1.270000E+2	1.293463E-6	1.766954E-7	-1.249587E-1	1.962294E-1	3.758667E+1	2.334699E-2
1.272500E+2	2.798350E-6	2.663461E-7	-6.772217E-2	1.075068E-1	3.763287E+1	2.854169E-2
1.275000E+2	2.737576E-6	1.677332E-7	3.209713E-3	9.469564E-2	3.768678E+1	3.278094E-2
1.277500E+2	2.577329E-6	1.821292E-7	-7.714104E-2	7.616807E-2	3.773299E+1	3.536514E-2
1.280000E+2	2.649427E-6	1.575155E-7	-1.086570E-1	6.521668E-2	3.778689E+1	3.743847E-2
1.282500E+2	2.698290E-6	1.255998E-7	-9.953404E-2	5.256912E-2	3.784850E+1	3.875912E-2
1.285000E+2	2.762840E-6	1.258064E-7	-6.970943E-2	5.309652E-2	3.791781E+1	3.903631E-2
1.287500E+2	2.793145E-6	1.031970E-7	-4.531228E-2	3.730826E-2	3.795632E+1	3.865079E-2
1.290000E+2	2.793737E-6	6.660220E-8	-6.636070E-2	3.269466E-2	3.800252E+1	3.766179E-2
1.292500E+2	2.966967E-6	7.442166E-8	-5.295641E-2	3.066869E-2	3.795632E+1	3.865079E-2
1.295000E+2	2.947355E-6	6.462295E-8	-9.976941E-2	2.885487E-2	3.802563E+1	3.693916E-2
1.297500E+2	3.053318E-6	7.108136E-8	-6.584952E-2	2.061621E-2	3.804873E+1	3.605288E-2
1.300000E+2	3.076747E-6	8.394210E-8	-1.268763E-1	2.718765E-2	3.812574E+1	3.172231E-2
1.302500E+2	3.152180E-6	5.156071E-8	-6.929147E-2	1.960567E-2	3.811034E+1	3.278094E-2
1.305000E+2	3.429427E-6	6.869405E-8	-4.245069E-2	3.650398E-2	3.806413E+1	3.536514E-2
1.307500E+2	3.283734E-6	3.929763E-8	-1.807914E-2	1.642259E-2	3.816424E+1	2.854169E-2
1.310000E+2	3.418282E-6	3.312650E-8	-5.740367E-2	1.290922E-2	3.814114E+1	3.054878E-2
1.312500E+2	3.499959E-6	3.575515E-8	-1.548539E-2	1.720277E-2	3.817195E+1	2.779745E-2
1.315000E+2	3.619811E-6	4.657689E-8	-2.630421E-2	1.015254E-2	3.817965E+1	2.701057E-2
1.317500E+2	3.675563E-6	4.471543E-8	-2.180976E-2	1.156894E-2	3.818735E+1	2.617720E-2
1.320000E+2	3.943524E-6	8.405731E-8	-6.870674E-2	1.968368E-2	3.819505E+1	2.529273E-2
1.322500E+2	3.907903E-6	6.247912E-8	-8.635533E-2	1.583712E-2	3.822585E+1	2.111041E-2
1.325000E+2	4.026723E-6	4.778193E-8	-2.371602E-2	1.206341E-2	3.822585E+1	2.111041E-2
1.327500E+2	4.055334E-6	4.120832E-8	-2.842060E-2	9.846410E-3	3.824125E+1	1.847769E-2
1.330000E+2	4.252166E-6	3.687498E-8	-2.514080E-2	9.078205E-3	3.826436E+1	1.327039E-2
1.332500E+2	4.345177E-6	6.056274E-8	2.611844E-3	2.358782E-2	3.824896E+1	1.695629E-2
1.335000E+2	4.587676E-6	3.644238E-8	-1.298160E-2	7.299809E-3	3.824896E+1	1.695629E-2
1.337500E+2	4.728304E-6	4.081143E-8	3.284204E-2	1.139638E-2	3.827206E+1	1.089037E-2
1.340000E+2	4.830328E-6	5.431814E-8	4.564512E-3	7.831611E-3	3.821815E+1	2.227026E-2
1.342500E+2	5.092670E-6	4.266756E-8	8.605264E-3	7.174040E-3	3.824125E+1	1.847769E-2
1.345000E+2	5.356806E-6	7.805375E-8	8.255037E-3	8.851392E-3	3.824896E+1	1.695629E-2
1.347500E+2	5.566253E-6	3.722758E-8	3.486374E-2	7.292318E-3	3.825666E+1	1.524495E-2
1.350000E+2	5.877688E-6	3.267645E-8	-9.191197E-3	6.563707E-3	3.825666E+1	1.524495E-2
1.352500E+2	6.072518E-6	3.555595E-8	2.304631E-2	7.665437E-3	3.823355E+1	1.985286E-2
1.355000E+2	6.430331E-6	3.232172E-8	4.386751E-2	5.164271E-3	3.824896E+1	1.695629E-2
1.357500E+2	6.642927E-6	6.418199E-8	2.910187E-2	1.100165E-2	3.824125E+1	1.847769E-2
1.360000E+2	7.122980E-6	3.584396E-8	3.593500E-2	9.257160E-3	3.821045E+1	2.334699E-2
1.362500E+2	7.545253E-6	4.710052E-8	5.143600E-2	6.223712E-3	3.822585E+1	2.111041E-2
1.365000E+2	8.005205E-6	3.800752E-8	9.194848E-2	4.276129E-3	3.826436E+1	1.327039E-2
1.367500E+2	8.577373E-6	4.989732E-8	6.404772E-2	5.268852E-3	3.826436E+1	1.327039E-2
1.370000E+2	9.191329E-6	4.221139E-8	1.014002E-1	4.328091E-3	3.821815E+1	2.227026E-2
1.372500E+2	9.842184E-6	8.751955E-8	9.437885E-2	1.223953E-2	3.824125E+1	1.847769E-2
1.375000E+2	1.065753E-5	1.244619E-7	1.138554E-1	1.090384E-2	3.824896E+1	1.695629E-2
1.377500E+2	1.161162E-5	6.481609E-8	1.269841E-1	5.074207E-3	3.823355E+1	1.985286E-2
1.380000E+2	1.301732E-5	1.311496E-7	1.454876E-1	5.863114E-3	3.827976E+1	7.739451E-3
1.382500E+2	1.472849E-5	1.710946E-7	1.810580E-1	7.846934E-3	3.825666E+1	1.524495E-2
1.385000E+2	1.655986E-5	1.603558E-7	1.814465E-1	9.191470E-3	3.824896E+1	1.695629E-2
1.387500E+2	1.907234E-5	1.625276E-7	2.286491E-1	8.365594E-3	3.827206E+1	1.089037E-2
1.390000E+2	2.203135E-5	9.106898E-8	2.662990E-1	4.704210E-3	3.827976E+1	7.739451E-3
1.392500E+2	2.647999E-5	1.769621E-7	3.203936E-1	4.689259E-3	3.828489E+1	9.344495E-3
1.395000E+2	3.320646E-5	3.277576E-7	4.245691E-1	9.613565E-3	3.828746E+1	7.140866E-16
1.397500E+2	4.250894E-5	2.729021E-7	5.665835E-1	4.214074E-3	3.827976E+1	7.739451E-3
1.400000E+2	5.764742E-5	5.687510E-7	8.674180E-1	7.222587E-3	3.827976E+1	7.739451E-3
1.402500E+2	7.277519E-5	6.265975E-7	1.332029E+0	1.330943E-2	3.828746E+1	7.140866E-16
1.405000E+2	6.979430E-5	3.898482E-7	1.885809E+0	1.532569E-2	3.828489E+1	9.344495E-3
1.407500E+2	5.347774E-5	6.128392E-7	2.334012E+0	7.763409E-3	3.828746E+1	7.140866E-16
1.410000E+2	3.927235E-5	4.527057E-7	2.575688E+0	6.405783E-3	3.828746E+1	7.140866E-16
1.412500E+2	3.084326E-5	3.087990E-7	2.721169E+0	7.490074E-3	3.828746E+1	7.140866E-16
1.415000E+2	2.494787E-5	2.781770E-7	2.781125E+0	9.102338E-3	3.828746E+1	7.140866E-16
1.417500E+2	2.084771E-5	1.948026E-7	2.874380E+0	8.404920E-3	3.829773E+1	7.260249E-3
1.420000E+2	1.796952E-5	1.519851E-7	2.902260E+0	1.034330E-2	3.828746E+1	7.140866E-16
1.422500E+2	1.559545E-5	9.965259E-8	2.956446E+0	6.562365E-3	3.829259E+1	5.159634E-3
1.425000E+2	1.366569E-5	9.258997E-8	2.960370E+0	6.815585E-3	3.828746E+1	7.140866E-16
1.427500E+2	1.232450E-5	9.575747E-8	2.965944E+0	9.918600E-3	3.828746E+1	7.140866E-16
1.430000E+2	1.116205E-5	8.413848E-8	2.981893E+0	6.589804E-3	3.828746E+1	7.140866E-16
1.432500E+2	1.027579E-5	1.277509E-7	3.031321E+0	1.061636E-2	3.829259E+1	5.159634E-3
1.435000E+2	9.425274E-6	1.957385E-7	1.795952E+0	5.487832E-1	3.829773E+1	7.260249E-3
1.437500E+2	8.660647E-6	1.858580E-7	2.405385E+0	4.231394E-1	3.829773E+1	7.260249E-3
1.440000E+2	8.487300E-6	2.529296E-7	1.168530E+0	6.353526E-1	3.829259E+1	5.159634E-3
1.442500E+2	7.641194E-6	2.418975E-7	1.190978E+0	6.418873E-1	3.828746E+1	7.140866E-16
1.445000E+2	7.589171E-6	3.792472E-7	1.154820E+0	6.306280E-1	3.828746E+1	7.140866E-16
1.447500E+2	8.625917E-6	9.939635E-7	-3.605290E-1	6.173793E-1	3.828746E+1	7.140866E-16
1.450000E+2	6.338092E-6	1.260935E-7	1.213601E+0	6.483701E-1	3.830286E+1	8.846929E-3
1.452500E+2	1.032059E-5	1.027725E-6	-4.577389E-1	5.403663E-1	3.830286E+1	8.846929E-3
1.455000E+2	6.240020E-6	3.635827E-7	5.182175E-1	6.275498E-1	3.829259E+1	5.159634E-3
1.457500E+2	5.947315E-6	4.650589E-7	-7.681773E-1	6.190775E-1	3.829259E+1	5.159634E-3
1.460000E+2	7.430665E-6	7.838825E-7	3.690484E-1	6.603718E-1	3.829259E+1	5.159634E-3
1.462500E+2	6.651233E-6	7.581305E-7	-3.709652E-1	6.152109E-1	3.829773E+1	7.260249E-3
1.465000E+2	5.099409E-6	3.522128E-7	-6.215334E-1	6.639547E-1	3.828746E+1	7.140866E-16
1.467500E+2	1.025427E-5	8.914696E-7	1.141042E+0	4.507146E-1	3.828746E+1	7.140866E-16
1.470000E+2	4.377036E-6	1.897096E-7	8.894253E-1	6.620721E-1	3.830286E+1	8.846929E-3
1.472500E+2	4.418860E-6	6.846092E-8	6.061373E-1	6.874341E-1	3.829259E+1	5.159634E-3
1.475000E+2	3.984656E-6	2.219256E-7	9.346438E-1	6.367530E-1	3.830800E+1	1.016330E-2
1.477500E+2	7.746280E-6	6.552481E-7	5.071496E-1	3.997885E-1	3.829773E+1	7.260249E-3
1.480000E+2	4.615214E-6	5.248019E-7	2.411506E-1	6.287712E-1	3.829259E+1	5.159634E-3
1.482500E+2	4.056239E-6	3.078512E-7	-6.046558E-1	6.430338E-1	3.830286E+1	8.846929E-3
1.485000E+2	4.163579E-6	1.572985E-7	-1.215974E+0	6.201720E-1	3.828746E+1	7.140866E-16
1.487500E+2	3.557288E-6	1.280834E-7	3.210712E-1	6.811028E-1	3.830286E+1	8.846929E-3
1.490000E+2	3.362874E-6	6.696509E-8	9.493256E-1	6.695701E-1	3.829259E+1	5.159634E-3
1.492500E+2	3.322457E-6	6.231346E-8	3.032802E-1	6.974645E-1	3.829259E+1	5.159634E-3
1.495000E+2	8.143043E-6	1.447270E-6	-2.601699E-1	4.883615E-1	3.828746E+1	7.140866E-16
1.497500E+2	3.155788E-6	9.844281E-8	-2.791530E-1	6.879668E-1	3.829259E+1	5.159634E-3
1.500000E+2	3.174553E-6	1.152432E-7	2.914493E-1	6.778743E-1	3.828746E+1	7.140866E-16
1.502500E+2	2.979657E-6	7.574859E-8	3.306906E-1	6.953951E-1	3.829773E+1	7.260249E-3
1.505000E+2	2.876591E-6	5.011927E-8	-6.190850E-1	6.879289E-1	3.829259E+1	5.159634E-3
1.507500E+2	2.836782E-6	3.959907E-8	3.246997E-1	7.034210E-1	3.829773E+1	7.260249E-3
1.510000E+2	2.789329E-6	2.208754E-8	-3.015635E-1	7.030064E-1	3.829259E+1	5.159634E-3
1.512500E+2	2.739047E-6	3.098780E-8	1.372515E-2	7.111768E-1	3.829259E+1	5.159634E-3
1.515000E+2	2.616112E-6	2.014267E-8	-2.470270E+0	4.284521E-1	3.829773E+1	7.260249E-3
1.517500E+2	2.579243E-6	1.358481E-8	-1.526040E+0	6.182703E-1	3.831313E+1	1.130419E-2
1.520000E+2	2.504366E-6	2.449721E-8	-1.221401E+0	6.533172E-1	3.830286E+1	8.846929E-3
1.522500E+2	2.436584E-6	2.996477E-8	-5.658403E-1	6.945021E-1	3.829773E+1	7.260249E-3
1.525000E+2	2.408429E-6	1.845614E-8	-3.064977E+0	7.606400E-3	3.829773E+1	7.260249E-3
1.527500E+2	2.311136E-6	3.276617E-8	-5.948502E-1	6.917069E-1	3.830286E+1	8.846929E-3
1.530000E+2	2.257801E-6	2.686002E-8	-1.490499E+0	6.055104E-1	3.829259E+1	5.159634E-3
1.532500E+2	2.279282E-6	2.019471E-8	-1.839674E+0	5.701875E-1	3.829773E+1	7.260249E-3
1.535000E+2	2.233212E-6	2.192931E-8	-2.436579E+0	4.266184E-1	3.830286E+1	8.846929E-3
1.537500E+2	2.115722E-6	1.576295E-8	-1.511247E+0	6.163146E-1	3.830286E+1	8.846929E-3
1.540000E+2	2.129672E-6	1.641916E-8	-3.038340E+0	6.160172E-3	3.827976E+1	7.739451E-3
1.542500E+2	2.088099E-6	1.223275E-8	-2.122412E+0	5.073562E-1	3.828746E+1	7.140866E-16
1.545000E+2	2.067623E-6	1.822117E-8	-3.063193E+0	7.941522E-3	3.831827E+1	1.231846E-2
1.547500E+2	2.036523E-6	1.012849E-8	-9.033677E-1	6.786544E-1	3.828746E+1	7.140866E-16
1.550000E+2	1.940508E-6	1.569168E-8	-2.134931E+0	5.085601E-1	3.830800E+1	1.016330E-2
