Frequency	Mean Amplitude	Error Amplitude	Mean Phaseshift	Error  Phaseshift9,000000E+1	3,274506E-6	1,690523E-6	-2,970406E-1	3,406102E-1
9,025000E+1	8,040922E-7	1,611743E-8	-3,353573E-1	1,776097E-2
9,050000E+1	8,517596E-7	3,295181E-8	-3,367354E-1	2,581262E-2
9,075000E+1	8,060511E-7	1,544372E-8	-3,371045E-1	1,266907E-2
9,100000E+1	8,286587E-7	1,551691E-8	-3,295332E-1	1,441005E-2
9,125000E+1	8,011025E-7	9,555145E-9	-3,124223E-1	1,852345E-2
9,150000E+1	9,156127E-7	2,209822E-8	-3,177518E-1	2,460725E-2
9,175000E+1	8,434290E-7	1,473909E-8	-2,595161E-1	1,685275E-2
9,200000E+1	8,720086E-7	4,366496E-8	-2,786339E-1	4,257331E-2
9,225000E+1	8,184826E-7	1,896842E-8	-2,250298E-1	5,846927E-2
9,250000E+1	8,229192E-7	1,526769E-8	-3,085311E-1	1,337809E-2
9,275000E+1	8,436898E-7	1,216656E-8	-3,283216E-1	1,488358E-2
9,300000E+1	8,441550E-7	9,671764E-9	-3,444259E-1	1,554549E-2
9,325000E+1	8,739706E-7	1,158595E-8	-3,561637E-1	1,308887E-2
9,350000E+1	8,643556E-7	6,342645E-9	-3,643639E-1	1,777000E-2
9,375000E+1	8,561096E-7	1,530627E-8	-3,340877E-1	1,317772E-2
9,400000E+1	8,493616E-7	1,510471E-8	-3,379973E-1	1,455363E-2
9,425000E+1	8,589957E-7	1,539206E-8	-3,032303E-1	1,817056E-2
9,450000E+1	8,495142E-7	9,460696E-9	-3,401475E-1	1,175345E-2
9,475000E+1	8,566489E-7	8,592119E-9	-3,277092E-1	1,224826E-2
9,500000E+1	8,736432E-7	1,356756E-8	-3,105666E-1	2,188168E-2
9,525000E+1	8,732555E-7	9,388604E-9	-2,998412E-1	1,499823E-2
9,550000E+1	8,706247E-7	1,778904E-8	-3,653396E-1	3,074523E-2
9,575000E+1	8,724340E-7	1,171819E-8	-3,192250E-1	1,807081E-2
9,600000E+1	8,565013E-7	2,297665E-8	-3,004338E-1	2,029093E-2
9,625000E+1	8,726759E-7	1,344916E-8	-3,177096E-1	2,337757E-2
9,650000E+1	9,303831E-7	2,101037E-8	-2,741375E-1	1,787285E-2
9,675000E+1	8,793886E-7	1,943371E-8	-3,022092E-1	1,951585E-2
9,700000E+1	8,515698E-7	1,806985E-8	-2,949293E-1	2,412121E-2
9,725000E+1	8,925726E-7	1,962035E-8	-3,092670E-1	2,881414E-2
9,750000E+1	9,020357E-7	1,997575E-8	-3,387254E-1	2,097447E-2
9,775000E+1	9,196679E-7	2,275253E-8	-3,226390E-1	3,096451E-2
9,800000E+1	8,957056E-7	1,466552E-8	-3,365985E-1	1,887062E-2
9,825000E+1	9,511856E-7	2,175930E-8	-2,745672E-1	3,025863E-2
9,850000E+1	9,211191E-7	3,227315E-8	-3,245549E-1	2,928654E-2
9,875000E+1	9,109898E-7	4,189435E-8	-3,100237E-1	6,028955E-2
9,900000E+1	8,618300E-7	5,091222E-8	3,185885E-2	5,383283E-2
9,925000E+1	1,016468E-6	9,033366E-8	-2,188500E-1	9,600341E-2
9,950000E+1	1,090509E-6	1,515560E-7	2,821046E-1	2,347588E-1
9,975000E+1	1,570649E-6	1,409902E-7	-2,348921E-1	2,815222E-1
1,000000E+2	1,989611E-6	6,169651E-8	1,031749E+0	5,915669E-2
1,002500E+2	1,565536E-6	1,578387E-7	-1,042847E-1	3,204233E-1
1,005000E+2	1,164798E-6	1,056612E-7	-4,183493E-1	1,868070E-1
1,007500E+2	1,078162E-6	6,676407E-8	-2,398658E-1	1,052423E-1
1,010000E+2	1,193956E-6	2,247165E-8	-9,123256E-2	1,903178E-2
1,012500E+2	1,004712E-6	4,107378E-8	-2,785129E-1	4,380101E-2
1,015000E+2	9,853170E-7	2,436071E-8	-3,116585E-1	3,325066E-2
1,017500E+2	9,704736E-7	2,122065E-8	-2,685477E-1	3,056564E-2
1,020000E+2	9,462663E-7	1,635161E-8	-3,066175E-1	1,559047E-2
1,022500E+2	9,692655E-7	1,499882E-8	-2,879780E-1	2,159723E-2
1,025000E+2	9,861140E-7	1,980714E-8	-2,819547E-1	2,101697E-2
1,027500E+2	9,760597E-7	1,821997E-8	-2,667217E-1	2,032594E-2
1,030000E+2	9,597518E-7	1,720846E-8	-2,937016E-1	1,142490E-2
1,032500E+2	1,004953E-6	1,995904E-8	-2,648116E-1	1,614256E-2
1,035000E+2	1,027193E-6	1,146985E-8	-2,882989E-1	1,697877E-2
1,037500E+2	1,037615E-6	2,112753E-8	-3,111129E-1	1,647653E-2
1,040000E+2	1,046763E-6	1,668226E-8	-2,932802E-1	2,103989E-2
1,042500E+2	1,064718E-6	1,428387E-8	-2,585492E-1	1,270487E-2
1,045000E+2	1,038799E-6	1,477147E-8	-1,853081E-1	1,851605E-2
1,047500E+2	1,034827E-6	2,192498E-8	-2,550091E-1	1,888673E-2
1,050000E+2	1,061945E-6	1,835114E-8	-2,697398E-1	1,867740E-2
1,052500E+2	1,044734E-6	1,974311E-8	-2,832323E-1	2,449360E-2
1,055000E+2	1,086987E-6	2,094258E-8	-1,610287E-1	2,228697E-2
1,057500E+2	1,091003E-6	1,695729E-8	-2,651347E-1	1,723427E-2
1,060000E+2	1,065669E-6	1,352479E-8	-2,578559E-1	1,805315E-2
1,062500E+2	1,089077E-6	1,096805E-8	-2,552399E-1	1,091607E-2
1,065000E+2	1,100724E-6	2,023655E-8	-2,588085E-1	1,362972E-2
1,067500E+2	1,057781E-6	1,678095E-8	-2,446529E-1	1,218781E-2
1,070000E+2	1,108152E-6	9,248426E-9	-2,327942E-1	9,208271E-3
1,072500E+2	1,092605E-6	1,079567E-8	-2,286482E-1	1,270223E-2
1,075000E+2	1,140504E-6	1,970368E-8	-2,277966E-1	9,651364E-3
1,077500E+2	1,123871E-6	1,837171E-8	-1,911995E-1	1,024564E-2
1,080000E+2	1,120039E-6	1,497648E-8	-2,240423E-1	1,303112E-2
1,082500E+2	1,139387E-6	2,227002E-8	-2,482599E-1	1,291312E-2
1,085000E+2	1,142457E-6	1,958967E-8	-1,988337E-1	2,192398E-2
1,087500E+2	1,177670E-6	2,483561E-8	-2,355635E-1	1,508210E-2
1,090000E+2	1,184189E-6	1,962994E-8	-2,119463E-1	1,630913E-2
1,092500E+2	1,161719E-6	1,667771E-8	-2,107690E-1	1,911019E-2
1,095000E+2	1,217020E-6	1,847729E-8	-2,117146E-1	1,455669E-2
1,097500E+2	1,167440E-6	1,274214E-8	-2,297649E-1	1,323964E-2
1,100000E+2	1,150846E-6	1,747691E-8	-2,238438E-1	1,409392E-2
1,102500E+2	1,170334E-6	1,162739E-8	-2,303473E-1	1,272219E-2
1,105000E+2	1,195681E-6	1,716360E-8	-1,908572E-1	1,089159E-2
1,107500E+2	1,161517E-6	1,740227E-8	-2,282376E-1	1,130885E-2
1,110000E+2	1,236789E-6	1,881615E-8	-2,214696E-1	1,082711E-2
1,112500E+2	1,256618E-6	1,263883E-8	-2,390159E-1	8,507008E-3
1,115000E+2	1,226301E-6	1,652094E-8	-2,008493E-1	1,143540E-2
1,117500E+2	1,270519E-6	1,565702E-8	-1,976048E-1	1,624811E-2
1,120000E+2	1,249285E-6	1,907377E-8	-1,952544E-1	6,642619E-3
1,122500E+2	1,325156E-6	1,166940E-8	-1,818841E-1	7,625557E-3
1,125000E+2	1,298665E-6	1,999367E-8	-2,208924E-1	2,292152E-2
1,127500E+2	1,277364E-6	1,636759E-8	-2,114859E-1	1,107238E-2
1,130000E+2	1,280296E-6	1,999043E-8	-2,027551E-1	1,139956E-2
1,132500E+2	1,307493E-6	1,349769E-8	-1,531072E-1	1,301252E-2
1,135000E+2	1,305505E-6	1,456803E-8	-1,570673E-1	1,213852E-2
1,137500E+2	1,324564E-6	1,606563E-8	-1,974692E-1	1,002252E-2
1,140000E+2	1,352912E-6	2,115589E-8	-1,705473E-1	7,421885E-3
1,142500E+2	1,327255E-6	1,122587E-8	-1,688593E-1	8,703240E-3
1,145000E+2	1,340664E-6	1,849071E-8	-1,616030E-1	7,896300E-3
1,147500E+2	1,381588E-6	1,981984E-8	-1,634112E-1	1,561586E-2
1,150000E+2	1,403254E-6	1,795935E-8	-1,714982E-1	1,393093E-2
1,152500E+2	1,381793E-6	1,093591E-8	-1,343217E-1	1,194255E-2
1,155000E+2	1,390893E-6	1,745791E-8	-1,642077E-1	1,262438E-2
1,157500E+2	1,389255E-6	1,772511E-8	-1,499398E-1	9,406391E-3
1,160000E+2	1,386708E-6	1,958931E-8	-1,796634E-1	1,217360E-2
1,162500E+2	1,444796E-6	2,558768E-8	-1,857852E-1	1,144203E-2
1,165000E+2	1,440472E-6	2,073192E-8	-1,548587E-1	1,499965E-2
1,167500E+2	1,473235E-6	1,980650E-8	-1,569966E-1	1,367553E-2
1,170000E+2	1,494939E-6	2,643882E-8	-1,967135E-1	1,468089E-2
1,172500E+2	1,498325E-6	2,869733E-8	-1,424866E-1	1,503435E-2
1,175000E+2	1,471016E-6	2,128961E-8	-1,462669E-1	1,913170E-2
1,177500E+2	1,502784E-6	3,717936E-8	-1,441909E-1	2,106475E-2
1,180000E+2	1,558826E-6	2,838800E-8	-1,158236E-1	2,057440E-2
1,182500E+2	1,580597E-6	3,551461E-8	-1,522428E-1	1,706625E-2
1,185000E+2	1,545050E-6	3,115811E-8	-1,672437E-1	1,938394E-2
1,187500E+2	1,587989E-6	3,357373E-8	-1,584128E-1	1,799980E-2
1,190000E+2	1,578015E-6	3,534997E-8	-1,303355E-1	2,847053E-2
1,192500E+2	1,602864E-6	3,531880E-8	-1,180979E-1	2,710354E-2
1,195000E+2	1,640038E-6	4,308840E-8	-1,598822E-1	2,637966E-2
1,197500E+2	1,623223E-6	4,239385E-8	-1,233062E-1	2,598102E-2
1,200000E+2	1,650845E-6	5,017685E-8	-1,147294E-1	3,077521E-2
1,202500E+2	1,747016E-6	4,453580E-8	-1,013416E-1	3,043738E-2
1,205000E+2	1,697693E-6	5,892120E-8	-1,391049E-1	3,171892E-2
1,207500E+2	1,720547E-6	6,307543E-8	-1,187801E-1	4,428874E-2
1,210000E+2	1,787179E-6	8,122890E-8	-1,277005E-1	4,215627E-2
1,212500E+2	1,783003E-6	8,347677E-8	-1,207921E-1	5,084621E-2
1,215000E+2	1,754438E-6	1,000191E-7	-9,835419E-2	5,899888E-2
1,217500E+2	1,852775E-6	1,042458E-7	-1,307638E-1	7,092746E-2
1,220000E+2	1,781319E-6	1,253209E-7	-2,663455E-2	7,305840E-2
1,222500E+2	2,029219E-6	1,481276E-7	-8,440383E-2	8,205881E-2
1,225000E+2	1,973387E-6	1,663652E-7	-1,064796E-1	1,056079E-1
1,227500E+2	2,143112E-6	2,013210E-7	-7,733276E-2	1,293610E-1
1,230000E+2	2,437129E-6	2,496340E-7	-2,708594E-1	1,495750E-1
1,232500E+2	2,599350E-6	2,767414E-7	-3,361960E-2	2,457021E-1
1,235000E+2	3,135110E-6	3,045780E-7	1,203523E-1	3,133139E-1
1,237500E+2	4,236507E-6	2,994412E-7	1,175982E-1	3,266008E-1
1,240000E+2	5,899914E-6	3,166755E-7	-1,361820E-2	3,566035E-1
1,242500E+2	8,785058E-6	3,202283E-7	-8,027499E-2	3,752107E-1
1,245000E+2	1,320872E-5	3,308972E-7	-3,083570E-1	3,869219E-1
1,247500E+2	2,232364E-5	3,576902E-7	1,135539E-2	4,111368E-1
1,250000E+2	3,661537E-5	3,946955E-7	-1,188261E-1	3,968740E-1
1,252500E+2	2,804586E-5	4,637532E-7	-2,461564E-1	4,225992E-1
1,255000E+2	1,553820E-5	2,552074E-7	-1,890607E-1	3,699092E-1
1,257500E+2	9,628760E-6	4,111752E-7	7,651976E-2	3,881397E-1
1,260000E+2	6,200305E-6	4,009018E-7	1,067823E+0	2,862736E-1
1,262500E+2	4,557562E-6	3,569793E-7	-1,703663E-2	3,302195E-1
1,265000E+2	3,585220E-6	3,587864E-7	-3,128621E-1	2,710619E-1
1,267500E+2	3,050828E-6	3,277976E-7	-2,583119E-1	1,951293E-1
1,270000E+2	2,656969E-6	2,282099E-7	2,763853E-2	1,213270E-1
1,272500E+2	2,737361E-6	2,023521E-7	-9,248027E-2	9,881632E-2
1,275000E+2	2,703970E-6	1,462550E-7	-1,460357E-1	9,645537E-2
1,277500E+2	2,634231E-6	1,582928E-7	-8,242801E-2	6,328396E-2
1,280000E+2	1,944098E-6	2,967701E-8	2,790916E-2	3,727614E-2
1,282500E+2	2,747363E-6	1,053188E-7	-8,645415E-2	4,736154E-2
1,285000E+2	2,729297E-6	9,242689E-8	-6,897835E-2	3,347623E-2
1,287500E+2	2,787549E-6	7,662982E-8	-7,807188E-2	2,735881E-2
1,290000E+2	2,806022E-6	6,673410E-8	-7,350050E-2	2,479645E-2
1,292500E+2	3,585792E-6	6,125268E-7	4,097141E-2	6,559162E-2
1,295000E+2	2,967239E-6	5,512723E-8	-6,781057E-2	1,948741E-2
1,297500E+2	3,149609E-6	2,231823E-8	-7,186403E-2	1,760964E-2
1,300000E+2	3,052518E-6	5,294567E-8	-4,594979E-2	1,544834E-2
1,302500E+2	3,128435E-6	3,822993E-8	-6,003376E-2	1,628553E-2
1,305000E+2	3,216703E-6	3,695493E-8	-4,154041E-2	1,471403E-2
1,307500E+2	3,209312E-6	3,632300E-8	-9,121662E-2	6,088829E-3
1,310000E+2	3,391187E-6	3,201419E-8	-3,598169E-2	1,135620E-2
1,312500E+2	3,453443E-6	2,234036E-8	-3,278031E-2	1,119445E-2
1,315000E+2	3,542217E-6	2,863078E-8	-3,438135E-2	8,930887E-3
1,317500E+2	3,680761E-6	1,919239E-8	-4,925312E-2	6,216046E-3
1,320000E+2	3,729514E-6	2,523398E-8	-3,727452E-2	7,444368E-3
1,322500E+2	3,825920E-6	1,675403E-8	-3,173892E-2	6,350237E-3
1,325000E+2	3,946640E-6	2,450356E-8	-3,446561E-2	6,962127E-3
1,327500E+2	4,012646E-6	1,689341E-8	-4,435281E-2	5,654299E-3
1,330000E+2	4,171766E-6	2,144986E-8	-4,663517E-3	6,615795E-3
1,332500E+2	4,301078E-6	1,678671E-8	-3,491511E-2	4,844544E-3
1,335000E+2	4,486307E-6	2,256265E-8	-1,404599E-2	4,535339E-3
1,337500E+2	4,626069E-6	1,536141E-8	-3,242295E-3	4,849222E-3
1,340000E+2	4,763602E-6	1,734858E-8	-4,270455E-3	4,837451E-3
1,342500E+2	4,985866E-6	1,497933E-8	-4,508606E-3	4,152660E-3
1,345000E+2	5,211871E-6	1,989538E-8	-1,684351E-2	4,809163E-3
1,347500E+2	5,366177E-6	1,259996E-8	1,259632E-2	3,841650E-3
1,350000E+2	5,590588E-6	2,345588E-8	2,939041E-2	3,506717E-3
1,352500E+2	5,886381E-6	2,005541E-8	1,391145E-2	3,786939E-3
1,355000E+2	6,162149E-6	1,838001E-8	3,687769E-2	2,778480E-3
1,357500E+2	6,472744E-6	1,770645E-8	3,859349E-2	2,594627E-3
1,360000E+2	6,808275E-6	1,260482E-8	4,035943E-2	1,843267E-3
1,362500E+2	7,148125E-6	1,569525E-8	5,981634E-2	2,206821E-3
1,365000E+2	7,598264E-6	1,722348E-8	7,340872E-2	1,982367E-3
1,367500E+2	8,123429E-6	1,544709E-8	8,349429E-2	1,285046E-3
1,370000E+2	8,613705E-6	1,897443E-8	8,133352E-2	1,614860E-3
1,372500E+2	9,194005E-6	2,238967E-8	9,746955E-2	1,974608E-3
1,375000E+2	9,948580E-6	1,778529E-8	1,009617E-1	2,151764E-3
1,377500E+2	1,076507E-5	2,523952E-8	9,628435E-2	1,377687E-3
1,380000E+2	1,177862E-5	2,951068E-8	1,276740E-1	1,385349E-3
1,382500E+2	1,295795E-5	2,806735E-8	1,305797E-1	9,083349E-4
1,385000E+2	1,442939E-5	3,117448E-8	1,682888E-1	1,791406E-3
1,387500E+2	1,627928E-5	4,439722E-8	1,903167E-1	1,280049E-3
1,390000E+2	1,864023E-5	3,946108E-8	2,170893E-1	1,016893E-3
1,392500E+2	2,172698E-5	5,785488E-8	2,771134E-1	1,231211E-3
1,395000E+2	2,599119E-5	7,526366E-8	3,419709E-1	1,599859E-3
1,397500E+2	3,224302E-5	1,281136E-7	4,067813E-1	1,080720E-3
1,400000E+2	4,161906E-5	2,305656E-7	5,679287E-1	1,304970E-3
1,402500E+2	5,612511E-5	4,629866E-7	8,091879E-1	2,682575E-3
1,405000E+2	7,268499E-5	6,636146E-7	1,265858E+0	1,092240E-2
1,407500E+2	7,293965E-5	3,774517E-8	1,843459E+0	1,695415E-2
1,410000E+2	5,629200E-5	5,379799E-7	2,300324E+0	1,049621E-2
1,412500E+2	4,139265E-5	3,644203E-7	2,554072E+0	4,188883E-3
1,415000E+2	3,208261E-5	1,677281E-7	2,697859E+0	1,818655E-3
1,417500E+2	2,577350E-5	1,080357E-7	2,781839E+0	1,322278E-3
1,420000E+2	2,148093E-5	7,585838E-8	2,858105E+0	1,575750E-3
1,422500E+2	1,836024E-5	5,862869E-8	2,908308E+0	1,203434E-3
1,425000E+2	1,601075E-5	3,999597E-8	2,936582E+0	1,487546E-3
1,427500E+2	1,415997E-5	3,765908E-8	2,977776E+0	1,415173E-3
1,430000E+2	1,271506E-5	2,741855E-8	2,995784E+0	1,017533E-3
1,432500E+2	1,149916E-5	2,355876E-8	3,007071E+0	1,444463E-3
1,435000E+2	1,055854E-5	2,400387E-8	2,984363E+0	3,006322E-3
1,437500E+2	9,636317E-6	2,007091E-8	3,007845E+0	1,661807E-3
1,440000E+2	9,050000E-6	2,051616E-8	3,036910E+0	2,449354E-3
1,442500E+2	8,355758E-6	2,152843E-8	3,043314E+0	2,311061E-3
1,445000E+2	7,800362E-6	2,080575E-8	3,057528E+0	2,052251E-3
1,447500E+2	7,331375E-6	1,767778E-8	3,057603E+0	2,772860E-3
1,450000E+2	6,913095E-6	1,580454E-8	3,087344E+0	2,517254E-3
1,452500E+2	6,542314E-6	1,580737E-8	3,088053E+0	2,677315E-3
1,455000E+2	6,180413E-6	2,130279E-8	3,085282E+0	3,292467E-3
1,457500E+2	5,882245E-6	1,859530E-8	3,078153E+0	2,797238E-3
1,460000E+2	5,642162E-6	1,832400E-8	3,070563E+0	2,923969E-3
1,462500E+2	5,371047E-6	1,468761E-8	3,095992E+0	2,994886E-3
1,465000E+2	5,125095E-6	1,433339E-8	3,098672E+0	2,757513E-3
1,467500E+2	4,950179E-6	1,514263E-8	3,112283E+0	3,432520E-3
1,470000E+2	4,697277E-6	1,443988E-8	3,115531E+0	3,914471E-3
1,472500E+2	4,549603E-6	1,426297E-8	3,114645E+0	3,232484E-3
1,475000E+2	4,362751E-6	1,125328E-8	3,109502E+0	3,486800E-3
1,477500E+2	4,215367E-6	1,709669E-8	2,820963E+0	3,131941E-1
1,480000E+2	4,073938E-6	7,781548E-9	3,120764E+0	3,772613E-3
1,482500E+2	3,931357E-6	1,690966E-8	1,251586E+0	6,563336E-1
1,485000E+2	3,786074E-6	2,208658E-8	4,795365E-3	7,163393E-1
1,487500E+2	3,681969E-6	2,305784E-8	1,872795E+0	5,712999E-1
1,490000E+2	3,634553E-6	1,923182E-8	9,374990E-1	6,811006E-1
1,492500E+2	3,452537E-6	3,872148E-8	6,211311E-1	6,961574E-1
1,495000E+2	3,333764E-6	6,183365E-8	3,279392E-1	7,011878E-1
1,497500E+2	3,290066E-6	9,096494E-8	6,815762E-3	6,955728E-1
1,500000E+2	3,776280E-6	3,311208E-8	-2,640084E+0	3,046728E-1
1,502500E+2	3,105048E-6	1,062641E-7	-1,095112E-3	6,869626E-1
1,505000E+2	3,001420E-6	6,823996E-8	3,441352E-1	7,018016E-1
1,507500E+2	2,937323E-6	3,796171E-8	2,762052E-2	7,070536E-1
1,510000E+2	2,836754E-6	2,302676E-8	1,554754E+0	6,188778E-1
1,512500E+2	2,764042E-6	1,962896E-8	-1,218427E+0	6,539539E-1
1,515000E+2	2,728279E-6	1,757884E-8	-9,067928E-1	6,815432E-1
1,517500E+2	2,702737E-6	1,771855E-8	-1,832390E+0	5,705739E-1
1,520000E+2	2,610561E-6	1,250768E-8	-1,845492E+0	5,720769E-1
1,522500E+2	2,541651E-6	1,518816E-8	-1,525767E+0	6,182298E-1
1,525000E+2	2,493582E-6	1,609857E-8	-1,846192E+0	5,703772E-1
1,527500E+2	2,443670E-6	1,773309E-8	-2,762964E+0	3,108236E-1
1,530000E+2	2,357597E-6	8,844966E-9	2,539943E-2	7,134615E-1
1,532500E+2	2,340944E-6	1,556924E-8	-3,074349E+0	5,356933E-3
1,535000E+2	2,322767E-6	1,623137E-8	-2,160112E+0	5,109773E-1
1,537500E+2	2,232334E-6	1,549274E-8	-2,457477E+0	4,282229E-1
1,540000E+2	2,217163E-6	1,804711E-8	-2,754919E+0	3,104256E-1
1,542500E+2	2,169385E-6	1,260588E-8	-2,741854E+0	3,097378E-1
1,545000E+2	2,119462E-6	1,405731E-8	-2,738642E+0	3,095432E-1
1,547500E+2	2,069589E-6	2,105810E-8	-2,456052E+0	4,281134E-1
1,550000E+2	2,112303E-6	1,650250E-8	-2,748608E+0	3,100488E-1
1,552500E+2	2,007118E-6	1,846270E-8	-2,420477E+0	4,197804E-1
1,555000E+2	1,989804E-6	2,213053E-8	-1,815585E+0	5,686809E-1
1,557500E+2	1,909223E-6	2,002439E-8	-2,423799E+0	4,256468E-1
1,560000E+2	1,913503E-6	2,036745E-8	-1,801951E+0	5,670815E-1
1,562500E+2	1,868816E-6	1,521796E-8	-3,049211E+0	6,952669E-3
1,565000E+2	1,830938E-6	1,524464E-8	-2,739146E+0	3,095920E-1
1,567500E+2	1,794786E-6	1,280802E-8	-2,731317E+0	3,091992E-1
1,570000E+2	1,799199E-6	2,131377E-8	-3,030987E+0	6,982731E-3
1,572500E+2	1,787578E-6	1,550225E-8	-3,026183E+0	6,837900E-3
1,575000E+2	1,748426E-6	1,777959E-8	-2,429602E+0	4,251366E-1
1,577500E+2	1,729340E-6	1,540171E-8	-2,395615E+0	4,235224E-1
1,580000E+2	1,681433E-6	2,165485E-8	-2,396769E+0	4,236282E-1
1,582500E+2	1,659557E-6	1,601185E-8	-2,415090E+0	4,218225E-1
1,585000E+2	1,621954E-6	2,475116E-8	-2,044688E+0	4,999241E-1
1,587500E+2	1,584394E-6	1,529506E-8	-1,481460E+0	6,115271E-1
1,590000E+2	1,597097E-6	2,503380E-8	-2,715625E+0	3,084545E-1
1,592500E+2	1,566258E-6	1,595175E-8	-2,418175E+0	4,252438E-1
1,595000E+2	1,542513E-6	1,606607E-8	-1,179279E+0	6,489888E-1
1,597500E+2	1,486774E-6	1,987381E-8	-3,011164E+0	1,130321E-2
1,600000E+2	1,527116E-6	2,848521E-8	-3,012984E+0	1,589730E-2
1,602500E+2	1,476360E-6	2,189883E-8	-3,015336E+0	1,170090E-2
1,605000E+2	1,455569E-6	1,995898E-8	-2,383985E+0	4,227545E-1
1,607500E+2	1,429726E-6	3,204259E-8	-2,993546E+0	1,130139E-2
1,610000E+2	1,410213E-6	2,256350E-8	-2,098782E+0	4,969941E-1
1,612500E+2	1,387142E-6	1,615987E-8	-2,722502E+0	3,067796E-1
1,615000E+2	1,493941E-6	6,499660E-8	-1,405964E+0	5,879295E-1
1,617500E+2	1,373396E-6	2,119121E-8	-2,695356E+0	3,073194E-1
1,620000E+2	1,403966E-6	2,351434E-8	-2,700021E+0	3,077171E-1
1,622500E+2	1,372046E-6	1,935227E-8	-2,090895E+0	5,044790E-1
1,625000E+2	1,288176E-6	2,033104E-8	-2,043718E+0	4,999318E-1
1,627500E+2	1,306338E-6	1,470169E-8	-2,648082E+0	3,050215E-1
1,630000E+2	1,304476E-6	1,696265E-8	-2,954038E+0	1,174281E-2
1,632500E+2	1,278355E-6	2,183629E-8	-2,353565E+0	4,205025E-1
1,635000E+2	1,292982E-6	1,634099E-8	-2,993440E+0	1,899478E-2
1,637500E+2	1,230726E-6	2,243621E-8	-2,386219E+0	4,233387E-1
1,640000E+2	1,236204E-6	1,820794E-8	-2,975706E+0	1,305176E-2
1,642500E+2	1,218115E-6	2,647717E-8	-2,974382E+0	9,936815E-3
1,645000E+2	1,211752E-6	1,706420E-8	-2,981846E+0	1,081929E-2
1,647500E+2	1,194907E-6	1,673769E-8	-2,372510E+0	4,218631E-1
1,650000E+2	1,194850E-6	1,574322E-8	-2,951930E+0	9,177920E-3
1,652500E+2	1,184320E-6	1,971753E-8	-2,657651E+0	3,054457E-1
1,655000E+2	1,175977E-6	1,614683E-8	-2,666760E+0	3,061300E-1
1,657500E+2	1,164006E-6	1,931580E-8	-2,990482E+0	1,809627E-2
1,660000E+2	1,134087E-6	1,468582E-8	-2,641267E+0	3,045538E-1
1,662500E+2	1,128951E-6	1,555012E-8	-2,645840E+0	3,053164E-1
1,665000E+2	1,107201E-6	1,967756E-8	-2,639048E+0	3,045509E-1
1,667500E+2	1,090365E-6	1,658856E-8	-2,357919E+0	4,192766E-1
1,670000E+2	1,087381E-6	2,233408E-8	-2,350660E+0	4,202428E-1
1,672500E+2	1,082027E-6	2,095557E-8	-2,939578E+0	2,756682E-2
1,675000E+2	1,057087E-6	2,372222E-8	-2,351282E+0	4,206435E-1
1,677500E+2	1,015034E-6	2,521498E-8	-2,018472E+0	4,960893E-1
1,680000E+2	1,026067E-6	2,506432E-8	-1,995118E+0	4,923469E-1
1,682500E+2	1,023239E-6	3,160799E-8	-2,280410E+0	4,150779E-1
1,685000E+2	1,054013E-6	2,962991E-8	-1,083954E+0	6,350410E-1
1,687500E+2	1,025315E-6	2,613740E-8	-2,284527E+0	4,105375E-1
1,690000E+2	1,011321E-6	3,401220E-8	-2,258914E+0	4,119702E-1
1,692500E+2	1,032786E-6	3,661880E-8	-1,367712E+0	5,917452E-1
1,695000E+2	1,030583E-6	4,113442E-8	-1,655973E-1	6,747731E-1
1,697500E+2	1,011273E-6	4,712921E-8	-7,298041E-1	6,481664E-1
1,700000E+2	1,005182E-6	4,672690E-8	4,180708E-1	6,646629E-1
1,702500E+2	1,020446E-6	5,492337E-8	-4,442398E-1	6,523112E-1
1,705000E+2	1,036728E-6	5,829563E-8	-1,491315E-1	6,465201E-1
1,707500E+2	9,971759E-7	6,236155E-8	-4,025523E-1	6,379579E-1
1,710000E+2	1,023611E-6	7,490154E-8	-1,229616E-1	6,438641E-1
1,712500E+2	9,627455E-7	7,938781E-8	-7,074100E-2	6,188692E-1
1,715000E+2	1,034725E-6	8,655493E-8	2,139460E-1	6,210764E-1
1,717500E+2	1,119144E-6	9,831243E-8	1,448468E-1	6,089405E-1
1,720000E+2	1,054732E-6	1,108676E-7	1,824639E-1	5,684495E-1
1,722500E+2	1,181734E-6	1,227705E-7	-8,759245E-2	5,416588E-1
1,725000E+2	1,314257E-6	1,332992E-7	-2,089970E-1	5,129900E-1
1,727500E+2	1,651794E-6	1,318794E-7	-1,987097E-1	5,032289E-1
1,730000E+2	1,949683E-6	1,397573E-7	-2,018223E-1	4,844905E-1
1,732500E+2	2,210433E-6	1,369518E-7	3,179116E-2	4,562176E-1
1,735000E+2	2,780234E-6	1,476655E-7	-1,738810E-1	4,512132E-1
1,737500E+2	3,506106E-6	1,435861E-7	9,562505E-2	4,377439E-1
1,740000E+2	5,284939E-6	1,131309E-7	9,010742E-2	4,650830E-1
1,742500E+2	7,369759E-6	1,459148E-7	1,066688E-1	4,472269E-1
1,745000E+2	1,157367E-5	1,804807E-7	-2,664241E-1	4,209833E-1
1,747500E+2	2,039792E-5	1,876209E-7	2,462718E-1	4,203853E-1
1,750000E+2	3,239720E-5	2,828878E-7	2,977133E-1	4,943498E-1
1,752500E+2	2,324966E-5	3,805960E-7	3,007047E-1	4,214148E-1
1,755000E+2	1,347524E-5	1,819791E-7	-1,077672E+0	3,576567E-1
1,757500E+2	7,736596E-6	1,402218E-7	-1,473122E-1	4,308160E-1
1,760000E+2	5,036917E-6	7,027778E-8	-1,186342E+0	7,776315E-2
1,762500E+2	3,815503E-6	1,198826E-7	-1,147889E-1	4,306717E-1
1,765000E+2	3,069150E-6	1,274891E-7	-6,651186E-2	4,594050E-1
1,767500E+2	2,223887E-6	1,114682E-7	-1,130749E-1	4,391718E-1
1,770000E+2	2,011853E-6	1,451991E-7	-9,249710E-1	3,861908E-1
1,772500E+2	1,658267E-6	1,144554E-7	1,161327E-1	4,713632E-1
1,775000E+2	1,278294E-6	1,503659E-7	-1,080477E+0	4,302402E-1
1,777500E+2	1,148305E-6	1,128626E-7	3,108128E-1	5,079925E-1
1,780000E+2	1,577840E-6	2,182140E-8	-2,093092E+0	3,912363E-1
1,782500E+2	9,034891E-7	1,146694E-7	-5,662627E-1	5,204217E-1
1,785000E+2	8,820394E-7	1,089137E-7	-6,221336E-1	5,480121E-1
1,787500E+2	7,090385E-7	7,407836E-8	-3,515936E-1	5,824067E-1
1,790000E+2	8,058002E-7	8,431177E-8	-8,223511E-2	6,178447E-1
1,792500E+2	8,156864E-7	6,719205E-8	-7,088327E-1	6,083350E-1
1,795000E+2	7,641575E-7	6,185223E-8	-7,881690E-1	5,991852E-1
1,797500E+2	6,879773E-7	5,016407E-8	-3,887432E-1	6,221339E-1
1,800000E+2	7,371753E-7	5,075618E-8	-1,444330E-1	6,564626E-1
1,802500E+2	7,239367E-7	4,682875E-8	-1,597534E+0	5,296336E-1
1,805000E+2	7,070962E-7	4,617753E-8	-1,235907E+0	5,742502E-1
1,807500E+2	7,178333E-7	3,987829E-8	-1,016014E+0	6,100273E-1
1,810000E+2	6,883966E-7	4,321615E-8	-2,185773E+0	4,098982E-1
1,812500E+2	7,380606E-7	3,814210E-8	-9,881518E-1	6,165197E-1
1,815000E+2	6,792178E-7	3,196478E-8	-1,924969E+0	4,836822E-1
1,817500E+2	6,847615E-7	3,181085E-8	-1,948402E+0	4,914356E-1
1,820000E+2	7,233331E-7	2,693971E-8	-2,521976E+0	2,999163E-1
1,822500E+2	6,892299E-7	2,976847E-8	-2,223775E+0	4,079063E-1
1,825000E+2	6,519879E-7	2,210839E-8	-1,326834E+0	5,909187E-1
1,827500E+2	6,621095E-7	2,676504E-8	-2,448622E+0	2,961666E-1
1,830000E+2	6,986332E-7	2,542967E-8	-2,803284E+0	3,274328E-2
1,832500E+2	6,523670E-7	1,783301E-8	-1,910765E+0	4,877419E-1
1,835000E+2	6,482344E-7	2,181514E-8	-2,249770E+0	4,129497E-1
1,837500E+2	5,896701E-7	2,693968E-8	-1,342076E+0	5,921755E-1
1,840000E+2	7,393675E-7	1,914042E-8	-2,798164E+0	2,205280E-2
1,842500E+2	6,266932E-7	1,902990E-8	-2,515669E+0	2,991477E-1
1,845000E+2	6,506949E-7	2,032135E-8	-2,819509E+0	2,667982E-2
1,847500E+2	6,364796E-7	1,542163E-8	-2,792589E+0	2,270424E-2
1,850000E+2	6,766566E-7	1,937956E-8	-2,806908E+0	2,189162E-2
1,852500E+2	6,244716E-7	2,382527E-8	-2,466837E+0	2,917247E-1
1,855000E+2	6,232725E-7	1,034011E-8	-2,799329E+0	1,755215E-2
1,857500E+2	6,182690E-7	1,559096E-8	-2,771338E+0	2,352496E-2
1,860000E+2	6,244987E-7	1,642584E-8	-2,749436E+0	2,029200E-2
1,862500E+2	5,900901E-7	1,746222E-8	-2,461429E+0	2,910387E-1
1,865000E+2	5,992458E-7	1,209502E-8	-2,492104E+0	2,971774E-1
1,867500E+2	6,037706E-7	1,553620E-8	-2,820560E+0	2,036084E-2
1,870000E+2	5,910535E-7	1,065169E-8	-2,843407E+0	2,786810E-2
1,872500E+2	5,869776E-7	1,299254E-8	-2,790279E+0	2,442074E-2
1,875000E+2	5,828607E-7	1,123521E-8	-2,493769E+0	2,976951E-1
1,877500E+2	6,023640E-7	8,607220E-9	-2,480675E+0	2,971940E-1
1,880000E+2	5,974098E-7	1,197914E-8	-2,768176E+0	1,541554E-2
1,882500E+2	5,890542E-7	8,159964E-9	-2,757343E+0	1,541281E-2
1,885000E+2	5,880383E-7	1,108803E-8	-2,487869E+0	2,969112E-1
1,887500E+2	5,735345E-7	1,188349E-8	-2,785989E+0	2,453331E-2
1,890000E+2	5,869622E-7	1,051403E-8	-2,755232E+0	1,701237E-2
1,892500E+2	5,862162E-7	1,251427E-8	-2,756868E+0	1,179413E-2
1,895000E+2	5,679847E-7	1,207072E-8	-2,772943E+0	2,088672E-2
1,897500E+2	5,903244E-7	8,166546E-9	-2,757157E+0	2,139820E-2
1,900000E+2	5,686839E-7	1,658091E-8	-2,751008E+0	2,105071E-2
