Frequency	Mean Amplitude	Error Amplitude	Mean Phaseshift	Error  Phaseshift8,300000E+2	3,891399E-7	5,480596E-8	-1,385824E+0	5,420477E-2
8,302500E+2	2,288006E-7	5,258092E-9	-1,213787E+0	2,819785E-2
8,305000E+2	2,466390E-7	7,844592E-9	-1,211023E+0	2,583808E-2
8,307500E+2	2,350614E-7	6,266609E-9	-1,139127E+0	2,352052E-2
8,310000E+2	2,424978E-7	7,503750E-9	-1,285703E+0	3,543736E-2
8,312500E+2	2,543738E-7	6,464356E-9	-1,267046E+0	3,493246E-2
8,315000E+2	2,541727E-7	9,308285E-9	-1,192216E+0	3,243293E-2
8,317500E+2	2,375327E-7	6,083597E-9	-1,218581E+0	3,455195E-2
8,320000E+2	2,244954E-7	7,615196E-9	-1,222612E+0	3,772717E-2
8,322500E+2	2,393890E-7	6,039006E-9	-1,187395E+0	2,889520E-2
8,325000E+2	2,482152E-7	6,342000E-9	-1,179004E+0	2,687632E-2
8,327500E+2	2,494041E-7	7,425437E-9	-1,198036E+0	3,217522E-2
8,330000E+2	2,458917E-7	7,821311E-9	-1,251927E+0	3,947750E-2
8,332500E+2	2,449400E-7	6,301278E-9	-1,200149E+0	2,367528E-2
8,335000E+2	2,309301E-7	5,943983E-9	-1,178763E+0	2,348627E-2
8,337500E+2	2,402308E-7	6,444671E-9	-1,147604E+0	2,847397E-2
8,340000E+2	2,522940E-7	8,022162E-9	-1,168367E+0	3,319154E-2
8,342500E+2	2,455047E-7	8,436861E-9	-1,152036E+0	2,671273E-2
8,345000E+2	2,528932E-7	5,938379E-9	-1,146656E+0	2,041275E-2
8,347500E+2	2,312653E-7	5,213245E-9	-1,141805E+0	1,904280E-2
8,350000E+2	2,345942E-7	4,950156E-9	-1,140808E+0	1,918624E-2
8,352500E+2	2,470312E-7	5,622354E-9	-1,129515E+0	2,075544E-2
8,355000E+2	2,550056E-7	7,152984E-9	-1,112623E+0	2,237152E-2
8,357500E+2	2,584525E-7	7,079648E-9	-1,108688E+0	2,355730E-2
8,360000E+2	2,398270E-7	8,055798E-9	-1,150841E+0	2,603204E-2
8,362500E+2	2,393979E-7	6,020423E-9	-1,056605E+0	1,998151E-2
8,365000E+2	2,566444E-7	7,286115E-9	-1,144083E+0	2,473253E-2
8,367500E+2	2,647184E-7	2,342306E-8	-1,179702E+0	8,284093E-2
8,370000E+2	2,667373E-7	1,446630E-8	-1,107952E+0	1,150255E-1
8,372500E+2	2,671664E-7	1,831322E-8	-1,084137E+0	8,356254E-2
8,375000E+2	2,658876E-7	2,212858E-8	-9,104820E-1	1,462813E-1
8,377500E+2	2,693603E-7	1,673323E-8	-9,919417E-1	1,637260E-1
8,380000E+2	2,699134E-7	2,117811E-8	-1,220112E+0	1,286618E-1
8,382500E+2	2,899119E-7	1,912710E-8	-8,994926E-1	1,174832E-1
8,385000E+2	3,107009E-7	3,042674E-8	-1,167820E+0	2,718869E-2
8,387500E+2	2,669103E-7	1,954601E-8	-1,076032E+0	1,107673E-1
8,390000E+2	2,555204E-7	1,714383E-8	-1,052717E+0	2,045076E-1
8,392500E+2	2,650273E-7	1,060173E-8	-9,072210E-1	1,952256E-1
8,395000E+2	2,980209E-7	2,343360E-8	-9,952984E-1	5,573151E-2
8,397500E+2	2,184828E-7	1,285606E-8	-8,354020E-1	1,807724E-1
8,400000E+2	2,544830E-7	6,741134E-9	-9,766620E-1	6,621071E-2
8,402500E+2	2,531202E-7	1,007909E-8	-1,039438E+0	7,691319E-2
8,405000E+2	2,407444E-7	9,711946E-9	-9,704054E-1	2,177402E-1
8,407500E+2	2,481323E-7	1,729066E-8	-6,634131E-1	2,653061E-1
8,410000E+2	2,630531E-7	9,741507E-9	-1,150805E+0	7,991603E-2
8,412500E+2	2,371768E-7	1,025255E-8	-9,358088E-1	1,840147E-1
8,415000E+2	2,988417E-7	2,997245E-8	-8,310709E-1	1,472484E-1
8,417500E+2	2,770250E-7	1,406221E-8	-9,863852E-1	5,318561E-2
8,420000E+2	2,893938E-7	3,563426E-8	-1,129643E+0	9,020236E-2
8,422500E+2	3,354119E-7	3,254459E-8	-9,193499E-1	7,839181E-2
8,425000E+2	3,377354E-7	4,233938E-8	-1,123920E+0	4,008264E-2
8,427500E+2	2,720455E-7	3,680765E-8	-7,018267E-1	1,098969E-1
8,430000E+2	3,053351E-7	3,744853E-8	-9,312551E-1	1,252849E-1
8,432500E+2	2,921363E-7	3,656744E-8	-8,733742E-1	1,121837E-1
8,435000E+2	3,342163E-7	4,633942E-8	-1,180181E+0	8,857906E-2
8,437500E+2	3,014004E-7	1,957816E-8	-7,734845E-1	2,509739E-1
8,440000E+2	3,112997E-7	4,053425E-8	-7,960094E-1	1,846332E-1
8,442500E+2	3,629214E-7	3,841470E-8	-1,003097E+0	4,946198E-2
8,445000E+2	3,517453E-7	4,369465E-8	-8,735466E-1	9,400677E-2
8,447500E+2	3,191122E-7	2,632531E-8	-8,235348E-1	1,223453E-1
8,450000E+2	3,073382E-7	3,165874E-8	-1,288566E+0	1,227226E-1
8,452500E+2	3,218934E-7	2,822341E-8	-9,763344E-1	1,521986E-1
8,455000E+2	3,360110E-7	4,671956E-8	-1,004849E+0	6,590886E-2
8,457500E+2	2,661324E-7	6,971874E-9	-1,001963E+0	2,663522E-2
8,460000E+2	2,686362E-7	7,978935E-9	-9,892869E-1	3,683549E-2
8,462500E+2	2,927263E-7	7,473962E-9	-9,311238E-1	3,599185E-2
8,465000E+2	2,739441E-7	7,538131E-9	-9,701542E-1	3,152886E-2
8,467500E+2	2,988353E-7	9,452039E-9	-8,972186E-1	3,807539E-2
8,470000E+2	3,030819E-7	1,206638E-8	-8,713311E-1	3,502414E-2
8,472500E+2	2,779141E-7	1,029503E-8	-9,474039E-1	2,984251E-2
8,475000E+2	2,783090E-7	6,955112E-9	-9,869390E-1	2,885406E-2
8,477500E+2	2,774383E-7	1,094958E-8	-9,484080E-1	2,634045E-2
8,480000E+2	2,857577E-7	9,507684E-9	-8,924072E-1	3,493466E-2
8,482500E+2	2,831360E-7	7,976871E-9	-9,020368E-1	3,762312E-2
8,485000E+2	3,043697E-7	9,202664E-9	-8,434834E-1	3,576868E-2
8,487500E+2	2,920939E-7	1,040288E-8	-8,505754E-1	3,586351E-2
8,490000E+2	3,119073E-7	1,489229E-8	-8,628427E-1	5,141097E-2
8,492500E+2	2,943254E-7	1,281971E-8	-8,987213E-1	4,702695E-2
8,495000E+2	2,992483E-7	1,045160E-8	-8,996538E-1	4,704700E-2
8,497500E+2	3,101947E-7	1,666896E-8	-8,562229E-1	4,390826E-2
8,500000E+2	3,150471E-7	1,472609E-8	-8,700756E-1	4,171450E-2
8,502500E+2	3,197328E-7	1,385248E-8	-7,904026E-1	5,083342E-2
8,505000E+2	3,122383E-7	1,474746E-8	-7,999232E-1	5,068634E-2
8,507500E+2	3,023629E-7	1,323212E-8	-8,136822E-1	4,687802E-2
8,510000E+2	3,172286E-7	1,115917E-8	-7,574612E-1	2,985693E-2
8,512500E+2	3,068791E-7	1,164200E-8	-8,287717E-1	3,061992E-2
8,515000E+2	4,182341E-7	8,571071E-8	-6,445523E-1	5,066314E-2
8,517500E+2	4,301593E-7	7,912781E-8	-3,874096E-1	1,387638E-1
8,520000E+2	3,829511E-7	6,186719E-8	-5,581920E-1	1,278287E-1
8,522500E+2	4,562386E-7	8,780101E-8	-6,589362E-1	9,303613E-2
8,525000E+2	3,999925E-7	5,769976E-8	-3,401236E-1	2,127941E-1
8,527500E+2	4,039197E-7	6,138699E-8	-5,594294E-1	8,169163E-2
8,530000E+2	3,935632E-7	4,441610E-8	-6,498979E-1	4,896223E-2
8,532500E+2	4,094038E-7	4,458199E-8	-7,034030E-1	7,543500E-2
8,535000E+2	3,975961E-7	2,491288E-8	-6,897170E-1	5,650503E-2
8,537500E+2	3,561846E-7	1,796570E-8	-6,249894E-1	1,271472E-1
8,540000E+2	4,361996E-7	3,534038E-8	-6,153834E-1	4,541633E-2
8,542500E+2	3,562471E-7	9,142251E-9	-5,731150E-1	1,315109E-1
8,545000E+2	3,721007E-7	1,668762E-8	-4,549360E-1	8,245879E-2
8,547500E+2	4,038382E-7	3,287913E-8	-5,456531E-1	9,537009E-2
8,550000E+2	3,654804E-7	9,386706E-9	-6,469817E-1	8,375952E-2
8,552500E+2	3,853420E-7	6,830774E-9	-5,631088E-1	3,020992E-2
8,555000E+2	3,959525E-7	9,166934E-9	-5,829662E-1	3,447101E-2
8,557500E+2	4,018943E-7	7,185398E-9	-5,875581E-1	2,176502E-2
8,560000E+2	4,057451E-7	7,240010E-9	-5,624976E-1	1,919552E-2
8,562500E+2	4,146731E-7	5,361918E-9	-5,251510E-1	1,823964E-2
8,565000E+2	4,114749E-7	1,345239E-8	-4,498781E-1	3,787807E-2
8,567500E+2	4,212144E-7	1,076886E-8	-5,116079E-1	3,456086E-2
8,570000E+2	4,491779E-7	1,793876E-8	-4,693190E-1	5,362793E-2
8,572500E+2	4,367795E-7	1,197295E-8	-4,594468E-1	5,264112E-2
8,575000E+2	4,764013E-7	3,060083E-8	-4,217241E-1	3,725432E-2
8,577500E+2	5,107322E-7	2,311601E-8	-3,722550E-1	5,744365E-2
8,580000E+2	5,040613E-7	1,649918E-8	-5,443073E-1	9,642599E-2
8,582500E+2	5,687612E-7	3,142303E-8	-5,374335E-1	7,593323E-2
8,585000E+2	5,825588E-7	2,690165E-8	-2,674950E-1	5,564114E-2
8,587500E+2	5,502344E-7	2,145024E-8	-2,155233E-1	1,003565E-1
8,590000E+2	6,044351E-7	6,398322E-8	-3,231113E-1	5,016453E-2
8,592500E+2	5,950054E-7	1,326564E-8	-2,053327E-1	6,880214E-2
8,595000E+2	6,569816E-7	2,552102E-8	-2,464365E-1	2,235184E-2
8,597500E+2	6,617841E-7	2,860054E-8	-2,443573E-1	4,596564E-2
8,600000E+2	6,744990E-7	2,398034E-8	-1,041142E-1	3,065460E-2
8,602500E+2	6,893281E-7	1,347849E-8	-1,291325E-1	2,388561E-2
8,605000E+2	7,288440E-7	1,183520E-8	-7,141514E-2	1,683314E-2
8,607500E+2	7,820068E-7	6,650492E-9	-4,181363E-2	1,335397E-2
8,610000E+2	8,182719E-7	7,455290E-9	3,086742E-2	7,091275E-3
8,612500E+2	8,555994E-7	9,458115E-9	1,825351E-2	2,985802E-2
8,615000E+2	8,855215E-7	1,400500E-8	1,566997E-1	1,879038E-2
8,617500E+2	1,036075E-6	2,270840E-8	1,867228E-1	7,293447E-3
8,620000E+2	1,117452E-6	1,390879E-8	2,286913E-1	1,335831E-2
8,622500E+2	1,195126E-6	2,505073E-8	3,007333E-1	1,004357E-2
8,625000E+2	1,361851E-6	1,793703E-8	4,028332E-1	2,533773E-2
8,627500E+2	1,539928E-6	8,102541E-9	5,051850E-1	3,662563E-3
8,630000E+2	1,762250E-6	1,051595E-8	6,632205E-1	7,302289E-3
8,632500E+2	1,997943E-6	1,050688E-8	8,267517E-1	4,689038E-3
8,635000E+2	2,219881E-6	1,058679E-8	1,061036E+0	4,884123E-3
8,637500E+2	2,416602E-6	1,155436E-8	1,333119E+0	8,165201E-3
8,640000E+2	2,366808E-6	1,110977E-8	1,586696E+0	8,150453E-3
8,642500E+2	2,206109E-6	1,324743E-8	1,862163E+0	6,661817E-3
8,645000E+2	1,980800E-6	1,071550E-8	2,109134E+0	6,616939E-3
8,647500E+2	1,697763E-6	1,051902E-8	2,291974E+0	6,460049E-3
8,650000E+2	1,466559E-6	7,093579E-9	2,445465E+0	6,114918E-3
8,652500E+2	1,284582E-6	6,170074E-9	2,562712E+0	5,645838E-3
8,655000E+2	1,139519E-6	1,281576E-8	2,695509E+0	1,052216E-2
8,657500E+2	1,009758E-6	3,153046E-8	2,764932E+0	3,048933E-2
8,660000E+2	9,916063E-7	3,241739E-8	2,965833E+0	2,819355E-2
8,662500E+2	8,172177E-7	7,797382E-9	2,896755E+0	7,837920E-3
8,665000E+2	7,215793E-7	1,347187E-8	2,942890E+0	1,842811E-2
8,667500E+2	6,588034E-7	1,491751E-8	3,051986E+0	1,263506E-2
8,670000E+2	6,041904E-7	8,747898E-9	2,791731E+0	3,077879E-1
8,672500E+2	5,986029E-7	1,909055E-8	2,756435E+0	3,070864E-1
8,675000E+2	5,247092E-7	1,709921E-8	-6,114731E-1	6,605899E-1
8,677500E+2	4,503057E-7	1,846018E-8	7,833340E-1	6,419501E-1
8,680000E+2	5,052340E-7	4,314209E-8	3,323263E-1	6,699289E-1
8,682500E+2	4,775768E-7	3,124217E-8	-1,686303E-1	6,718144E-1
8,685000E+2	3,441392E-7	1,995810E-8	3,886652E-1	6,374681E-1
8,687500E+2	4,215361E-7	2,479633E-8	3,423520E-1	6,456378E-1
8,690000E+2	4,331299E-7	3,414250E-8	-1,533273E+0	5,338612E-1
8,692500E+2	4,141520E-7	2,663413E-8	4,623438E-1	6,564550E-1
8,695000E+2	4,170377E-7	5,335064E-8	-8,651229E-1	5,535697E-1
8,697500E+2	3,789395E-7	3,287127E-8	-1,857032E+0	3,974046E-1
8,700000E+2	4,550286E-7	9,468063E-8	-2,155678E+0	2,883860E-1
8,702500E+2	3,860190E-7	4,367301E-8	-1,306234E+0	5,166108E-1
8,705000E+2	4,692841E-7	8,091498E-8	-1,279702E+0	5,053911E-1
8,707500E+2	3,888380E-7	1,028361E-7	-1,548385E-1	5,416760E-1
8,710000E+2	5,056010E-7	1,181530E-7	-1,253635E+0	4,427174E-1
8,712500E+2	2,854339E-7	2,436293E-8	-1,338653E+0	4,474674E-1
8,715000E+2	3,210722E-7	2,240497E-8	-1,460565E+0	4,518124E-1
8,717500E+2	3,651351E-7	2,682923E-8	-1,495655E+0	3,676285E-1
8,720000E+2	3,834466E-7	4,093880E-8	-8,627020E-1	4,183651E-1
8,722500E+2	4,525156E-7	4,313667E-8	-5,794956E-1	4,548796E-1
8,725000E+2	7,852211E-7	5,503720E-8	-6,262353E-2	4,400412E-1
8,727500E+2	9,439361E-7	4,174456E-8	-4,211174E-1	5,061962E-1
8,730000E+2	8,136742E-7	4,683924E-8	-5,350506E-1	4,144169E-1
8,732500E+2	5,374140E-7	5,800918E-8	-1,351562E-1	4,526849E-1
8,735000E+2	4,294265E-7	5,229868E-8	-7,016843E-2	4,633508E-1
8,737500E+2	4,790382E-7	5,098885E-8	-4,816531E-1	4,075951E-1
8,740000E+2	5,640574E-7	3,031784E-8	7,305188E-1	4,410450E-1
8,742500E+2	1,013310E-6	4,417534E-8	-3,816443E-1	4,108743E-1
8,745000E+2	1,325909E-6	4,945246E-8	-9,403750E-2	4,212255E-1
8,747500E+2	2,587721E-6	7,280089E-8	2,029685E-1	3,978100E-1
8,750000E+2	3,717034E-6	6,247385E-8	-5,411861E-2	4,149974E-1
8,752500E+2	3,776298E-6	5,857810E-8	-1,123625E-2	4,191920E-1
8,755000E+2	1,961510E-6	8,306763E-8	2,714549E-2	4,249528E-1
8,757500E+2	1,688383E-6	5,734792E-8	2,960475E-1	4,211485E-1
8,760000E+2	1,252790E-6	3,673736E-8	-3,457925E-1	4,303424E-1
8,762500E+2	8,219431E-7	3,629885E-8	4,099627E-1	4,194528E-1
8,765000E+2	6,077743E-7	3,161063E-8	-4,345122E-1	4,279585E-1
8,767500E+2	4,268818E-7	2,194117E-8	-6,717095E-1	3,981482E-1
8,770000E+2	3,537474E-7	3,033827E-8	-2,902178E-1	4,217817E-1
8,772500E+2	2,910069E-7	3,136371E-8	-1,213818E+0	3,036280E-1
8,775000E+2	2,489930E-7	2,821671E-8	-1,145913E+0	2,051254E-1
8,777500E+2	2,294606E-7	2,830549E-8	-1,166293E+0	1,967214E-1
8,780000E+2	2,213225E-7	2,085835E-8	-9,993250E-1	2,705977E-1
8,782500E+2	1,793655E-7	2,274344E-8	-8,222652E-1	1,459576E-1
8,785000E+2	2,164248E-7	2,007921E-8	-1,182626E+0	9,030721E-2
8,787500E+2	2,770491E-7	2,525535E-8	-1,203870E+0	1,343677E-1
8,790000E+2	2,226877E-7	2,119480E-8	-1,283390E+0	1,145611E-1
8,792500E+2	2,395013E-7	1,741767E-8	-1,221408E+0	1,275967E-1
8,795000E+2	2,445321E-7	1,552428E-8	-1,037418E+0	8,175465E-2
8,797500E+2	2,507170E-7	1,760829E-8	-9,519726E-1	1,288354E-1
8,800000E+2	2,526730E-7	2,354317E-8	-8,916394E-1	1,478559E-1
8,802500E+2	2,607664E-7	1,332958E-8	-1,162860E+0	4,451184E-2
8,805000E+2	2,833894E-7	1,217303E-8	-1,125928E+0	5,045746E-2
8,807500E+2	2,895498E-7	1,763808E-8	-1,010802E+0	5,994081E-2
8,810000E+2	2,610678E-7	2,416346E-8	-1,033571E+0	6,229838E-2
8,812500E+2	2,618825E-7	2,041358E-8	-8,589680E-1	6,545062E-2
8,815000E+2	3,000800E-7	1,136008E-8	-8,293296E-1	6,005563E-2
8,817500E+2	3,033973E-7	1,135565E-8	-9,371066E-1	5,189004E-2
8,820000E+2	2,756853E-7	1,495186E-8	-7,840096E-1	5,529575E-2
8,822500E+2	2,944594E-7	1,708130E-8	-7,854990E-1	5,867959E-2
8,825000E+2	3,189947E-7	1,024014E-8	-7,236387E-1	4,688067E-2
8,827500E+2	3,145383E-7	6,029224E-9	-6,333766E-1	2,348961E-2
8,830000E+2	3,238404E-7	1,026587E-8	-5,847906E-1	2,339450E-2
8,832500E+2	3,239847E-7	6,423359E-9	-5,239003E-1	5,094540E-2
8,835000E+2	3,482872E-7	9,447995E-9	-5,846792E-1	2,270041E-2
8,837500E+2	3,629271E-7	7,376820E-9	-5,286899E-1	1,713007E-2
8,840000E+2	3,746456E-7	4,534524E-9	-4,885515E-1	1,779409E-2
8,842500E+2	3,845168E-7	3,782192E-9	-4,054316E-1	2,804466E-2
8,845000E+2	4,002586E-7	6,951111E-9	-3,941003E-1	3,637355E-2
8,847500E+2	4,346010E-7	1,307259E-8	-3,590457E-1	2,178253E-2
8,850000E+2	4,525769E-7	1,568460E-8	-2,434111E-1	3,024905E-2
8,852500E+2	5,090867E-7	7,966065E-9	-2,172982E-1	3,042517E-2
8,855000E+2	5,213810E-7	8,620169E-9	-1,717017E-1	2,641004E-2
8,857500E+2	5,631705E-7	9,144840E-9	-1,694461E-2	3,480743E-2
8,860000E+2	6,306550E-7	1,799010E-8	-1,082727E-1	2,671383E-2
8,862500E+2	6,551339E-7	1,292617E-8	3,100001E-2	2,790944E-2
8,865000E+2	7,382567E-7	1,082632E-8	3,025839E-2	7,694473E-3
8,867500E+2	8,050701E-7	1,054330E-8	1,155232E-1	1,698129E-2
8,870000E+2	8,785904E-7	4,887766E-9	1,975914E-1	1,320865E-2
8,872500E+2	9,593046E-7	1,171991E-8	2,667881E-1	7,073399E-3
8,875000E+2	1,109598E-6	6,949650E-9	3,736254E-1	6,986861E-3
8,877500E+2	1,238537E-6	6,882305E-9	4,667167E-1	8,518878E-3
8,880000E+2	1,441822E-6	1,208192E-8	5,992950E-1	8,052280E-3
8,882500E+2	1,637942E-6	1,062977E-8	7,617550E-1	5,835009E-3
8,885000E+2	1,841546E-6	8,760780E-9	9,335839E-1	5,488105E-3
8,887500E+2	2,064605E-6	1,064988E-8	1,165975E+0	4,923143E-3
8,890000E+2	2,169674E-6	1,335605E-8	1,415200E+0	7,599882E-3
8,892500E+2	2,203299E-6	6,686715E-9	1,694662E+0	8,188662E-3
8,895000E+2	2,080339E-6	8,705072E-9	1,911384E+0	6,225508E-3
8,897500E+2	1,901493E-6	1,712848E-8	2,123401E+0	8,010883E-3
8,900000E+2	1,700986E-6	1,834713E-8	2,302082E+0	9,425089E-3
8,902500E+2	1,523829E-6	1,370831E-8	2,433782E+0	6,926577E-3
8,905000E+2	1,365014E-6	9,213431E-9	2,553046E+0	5,790307E-3
8,907500E+2	1,240419E-6	1,620016E-8	2,661697E+0	2,360400E-2
8,910000E+2	1,109872E-6	1,691330E-8	2,445783E+0	2,864666E-1
8,912500E+2	1,069439E-6	1,214093E-8	2,822123E+0	2,311380E-2
8,915000E+2	9,436450E-7	9,690150E-9	2,840045E+0	1,086104E-2
8,917500E+2	9,083727E-7	8,457689E-9	2,882530E+0	8,231374E-3
8,920000E+2	8,531094E-7	2,274508E-8	2,915815E+0	1,736848E-2
8,922500E+2	7,981799E-7	1,974678E-8	2,950040E+0	2,517156E-2
8,925000E+2	7,346660E-7	3,374899E-8	2,965652E+0	1,584593E-2
8,927500E+2	7,141189E-7	1,183039E-8	3,027668E+0	1,766574E-2
8,930000E+2	6,462037E-7	7,418988E-9	3,063802E+0	1,691571E-2
8,932500E+2	6,383992E-7	1,012158E-8	3,105645E+0	9,154928E-3
8,935000E+2	6,152000E-7	7,359068E-9	3,133597E+0	5,507836E-3
8,937500E+2	6,014287E-7	8,219035E-9	1,595574E+0	6,123497E-1
8,940000E+2	5,714486E-7	5,484527E-9	1,601865E+0	6,118800E-1
8,942500E+2	5,545471E-7	5,631418E-9	-1,138966E+0	6,431194E-1
8,945000E+2	5,597038E-7	5,034742E-9	8,026901E-2	7,024601E-1
8,947500E+2	5,098664E-7	1,726150E-8	-1,457950E+0	5,991429E-1
8,950000E+2	5,043411E-7	1,604275E-8	-8,189799E-1	6,612293E-1
8,952500E+2	4,760687E-7	1,557430E-8	-1,138556E+0	6,271171E-1
8,955000E+2	4,575837E-7	1,086319E-8	-2,002960E+0	4,963931E-1
8,957500E+2	4,364270E-7	1,182423E-8	-1,684928E+0	5,543577E-1
8,960000E+2	4,485618E-7	1,156737E-8	-1,935556E+0	4,899461E-1
8,962500E+2	4,540587E-7	1,165435E-8	-1,992636E+0	4,956069E-1
8,965000E+2	4,217716E-7	9,552407E-9	-2,849032E+0	2,991454E-2
8,967500E+2	4,647598E-7	3,956895E-8	-2,481909E+0	2,979415E-1
8,970000E+2	4,044074E-7	1,573573E-8	-2,642761E+0	1,063066E-1
8,972500E+2	4,000945E-7	1,186418E-8	-2,236137E+0	3,393694E-1
8,975000E+2	3,861621E-7	1,058511E-8	-2,547518E+0	1,366881E-1
8,977500E+2	4,855872E-7	5,396395E-8	-2,692897E+0	4,139999E-2
8,980000E+2	4,140044E-7	2,247853E-8	-2,472506E+0	2,850515E-1
8,982500E+2	3,905601E-7	1,574938E-8	-2,650047E+0	6,845934E-2
8,985000E+2	4,125124E-7	2,794120E-8	-2,152080E+0	3,827184E-1
8,987500E+2	3,912224E-7	2,413783E-8	-2,089372E+0	3,738070E-1
8,990000E+2	4,033865E-7	1,686534E-8	-1,838417E+0	4,744987E-1
8,992500E+2	3,722044E-7	1,489236E-8	-2,515551E+0	1,142997E-1
8,995000E+2	4,230433E-7	3,629872E-8	-2,320824E+0	2,890901E-1
8,997500E+2	3,903541E-7	2,145829E-8	-2,570965E+0	2,254294E-2
9,000000E+2	3,250923E-7	2,199281E-8	-1,110915E+0	5,548105E-1
9,002500E+2	3,982867E-7	2,293324E-8	-1,177609E+0	5,567644E-1
9,005000E+2	3,617619E-7	9,257426E-9	-2,486855E+0	6,536184E-2
9,007500E+2	3,863412E-7	2,249616E-8	-2,598829E+0	3,114173E-2
9,010000E+2	3,626557E-7	1,353529E-8	-2,357163E+0	2,925756E-1
9,012500E+2	3,759622E-7	1,835672E-8	-2,536178E+0	2,763759E-2
9,015000E+2	3,625484E-7	1,072056E-8	-2,337466E+0	2,901777E-1
9,017500E+2	2,997974E-7	1,601240E-8	-2,329284E+0	2,675731E-1
9,020000E+2	3,581970E-7	1,712175E-8	-2,219794E+0	2,846170E-1
9,022500E+2	3,373602E-7	2,011556E-8	-2,290185E+0	2,878744E-1
9,025000E+2	3,466302E-7	8,421553E-9	-1,743555E+0	4,388532E-1
9,027500E+2	2,939838E-7	2,200303E-8	-2,113068E+0	2,917285E-1
9,030000E+2	3,347426E-7	1,044386E-8	-2,006393E+0	3,891126E-1
9,032500E+2	3,222021E-7	1,216289E-8	-2,427991E+0	7,174468E-2
9,035000E+2	3,610797E-7	9,587374E-9	-2,538842E+0	3,494272E-2
9,037500E+2	3,486884E-7	1,036545E-8	-2,553307E+0	3,553244E-2
9,040000E+2	3,097277E-7	1,768702E-8	-1,931422E+0	3,755864E-1
9,042500E+2	3,168213E-7	1,495478E-8	-2,429943E+0	4,572815E-2
9,045000E+2	3,497878E-7	1,798898E-8	-1,935984E+0	3,904370E-1
9,047500E+2	3,368321E-7	1,629358E-8	-2,466801E+0	5,308190E-2
9,050000E+2	3,037243E-7	1,428388E-8	-2,095510E+0	2,784948E-1
9,052500E+2	3,212736E-7	1,237202E-8	-2,431369E+0	3,381603E-2
9,055000E+2	2,606891E-7	1,890585E-8	-2,216049E+0	1,289193E-1
9,057500E+2	2,944108E-7	1,929316E-8	-1,809014E+0	3,728761E-1
9,060000E+2	3,112952E-7	1,018326E-8	-2,434654E+0	3,998795E-2
9,062500E+2	2,828739E-7	1,917008E-8	-2,280222E+0	1,248857E-1
9,065000E+2	2,953947E-7	1,228381E-8	-2,131045E+0	2,824274E-1
9,067500E+2	3,143298E-7	9,791950E-9	-2,413897E+0	3,896563E-2
9,070000E+2	2,946762E-7	9,363866E-9	-2,292781E+0	5,325549E-2
9,072500E+2	3,067411E-7	9,692287E-9	-2,374662E+0	4,615432E-2
9,075000E+2	3,077856E-7	2,163458E-8	-2,367175E+0	2,630282E-2
9,077500E+2	2,980400E-7	1,005814E-8	-2,439672E+0	4,830509E-2
9,080000E+2	2,676637E-7	1,424618E-8	-2,273101E+0	5,738379E-2
9,082500E+2	2,884295E-7	9,056564E-9	-2,082047E+0	2,695891E-1
9,085000E+2	3,040579E-7	1,292441E-8	-2,452021E+0	3,565862E-2
9,087500E+2	2,890481E-7	1,464708E-8	-2,302498E+0	3,662688E-2
9,090000E+2	3,001233E-7	1,342817E-8	-2,119779E+0	2,787305E-1
9,092500E+2	3,039611E-7	2,049729E-8	-2,225717E+0	1,267618E-1
9,095000E+2	2,336588E-7	1,799642E-8	-2,119054E+0	1,203983E-1
9,097500E+2	2,534230E-7	1,235825E-8	-2,271148E+0	7,290206E-2
9,100000E+2	2,742100E-7	1,160510E-8	-2,321423E+0	5,335459E-2
9,102500E+2	2,956421E-7	9,516667E-9	-2,116034E+0	2,789728E-1
9,105000E+2	2,741549E-7	1,300631E-8	-1,955247E+0	2,774960E-1
9,107500E+2	2,792020E-7	1,037778E-8	-2,340928E+0	3,521589E-2
9,110000E+2	2,847312E-7	1,159210E-8	-2,247784E+0	5,930439E-2
9,112500E+2	2,752224E-7	9,604406E-9	-2,342004E+0	3,269895E-2
9,115000E+2	2,787289E-7	1,294768E-8	-2,280216E+0	4,811381E-2
9,117500E+2	3,006279E-7	1,256116E-8	-2,054557E+0	2,623915E-1
9,120000E+2	3,034044E-7	1,463730E-8	-2,067298E+0	2,795096E-1
9,122500E+2	2,732071E-7	9,550092E-9	-2,264655E+0	4,427181E-2
9,125000E+2	2,891118E-7	9,704487E-9	-1,984443E+0	2,746402E-1
9,127500E+2	3,010553E-7	1,985563E-8	-2,176472E+0	7,105724E-2
9,130000E+2	2,810857E-7	1,699971E-8	-2,199573E+0	2,092927E-2
9,132500E+2	2,597847E-7	8,920429E-9	-2,009672E+0	2,622260E-1
9,135000E+2	3,041834E-7	1,716397E-8	-2,267770E+0	4,827397E-2
9,137500E+2	2,724378E-7	1,853534E-8	-2,256268E+0	5,894966E-2
9,140000E+2	2,791576E-7	1,271348E-8	-2,178058E+0	3,203304E-2
9,142500E+2	2,843429E-7	1,499847E-8	-2,057791E+0	2,609231E-1
9,145000E+2	2,463624E-7	1,241939E-8	-1,894826E+0	2,689697E-1
9,147500E+2	2,812459E-7	2,209518E-8	-2,235800E+0	2,840157E-2
9,150000E+2	2,705274E-7	1,440013E-8	-2,303696E+0	3,506382E-2
9,152500E+2	2,845182E-7	1,747083E-8	-2,202892E+0	2,630409E-2
9,155000E+2	2,648144E-7	9,929571E-9	-2,208005E+0	3,710956E-2
9,157500E+2	2,605134E-7	1,059483E-8	-1,988941E+0	2,620202E-1
9,160000E+2	2,650143E-7	1,151067E-8	-2,184966E+0	3,014522E-2
9,162500E+2	2,665975E-7	7,436719E-9	-2,146730E+0	4,483694E-2
9,165000E+2	2,706917E-7	1,019810E-8	-2,206833E+0	3,199239E-2
9,167500E+2	2,607432E-7	8,153053E-9	-2,277449E+0	4,807253E-2
9,170000E+2	2,586385E-7	1,021128E-8	-2,148610E+0	5,701279E-2
9,172500E+2	2,734402E-7	1,792597E-8	-1,930664E+0	2,627539E-1
9,175000E+2	2,626954E-7	1,952206E-8	-2,259440E+0	4,994750E-2
9,177500E+2	2,636863E-7	9,513232E-9	-2,038274E+0	2,353957E-1
9,180000E+2	3,033690E-7	2,921542E-8	-2,133430E+0	4,917178E-2
9,182500E+2	2,464983E-7	8,851308E-9	-2,136019E+0	5,140088E-2
9,185000E+2	2,813794E-7	1,895375E-8	-1,911200E+0	2,627468E-1
9,187500E+2	2,653987E-7	1,042146E-8	-1,963145E+0	2,431995E-1
9,190000E+2	2,814740E-7	1,834955E-8	-2,050543E+0	2,412631E-1
9,192500E+2	2,751592E-7	1,411872E-8	-2,230205E+0	5,610576E-2
9,195000E+2	2,514281E-7	1,607367E-8	-2,163827E+0	2,295271E-2
9,197500E+2	2,516439E-7	1,891858E-8	-1,832292E+0	2,452802E-1
9,200000E+2	2,811163E-7	1,966649E-8	-2,150697E+0	2,477660E-2
9,202500E+2	2,565058E-7	1,860923E-8	-1,605188E+0	3,509783E-1
9,205000E+2	2,852511E-7	1,683016E-8	-2,117300E+0	8,862599E-2
9,207500E+2	2,574570E-7	1,575452E-8	-1,910962E+0	2,731293E-1
9,210000E+2	2,827990E-7	3,958648E-8	-1,980429E+0	1,293352E-1
9,212500E+2	2,846748E-7	2,429018E-8	-1,637087E+0	3,219162E-1
9,215000E+2	3,164505E-7	6,929497E-8	-1,636011E+0	2,681995E-1
9,217500E+2	3,016530E-7	4,559863E-8	-1,948954E+0	1,313313E-1
9,220000E+2	2,957237E-7	4,302537E-8	-2,081828E+0	4,926301E-2
9,222500E+2	2,832494E-7	6,065207E-8	-1,907065E+0	1,686161E-1
9,225000E+2	3,353743E-7	4,674908E-8	-2,045132E+0	1,503470E-1
9,227500E+2	2,996745E-7	5,646155E-8	-1,900141E+0	2,459413E-1
9,230000E+2	2,841815E-7	3,213122E-8	-1,622865E+0	3,334958E-1
9,232500E+2	2,350409E-7	3,244898E-8	-1,552083E+0	3,526530E-1
9,235000E+2	4,609619E-7	1,522012E-7	-1,465613E+0	4,287169E-1
9,237500E+2	4,847284E-7	1,353433E-7	-1,080755E+0	4,537438E-1
9,240000E+2	6,615405E-7	1,715815E-7	-1,157752E+0	3,384944E-1
9,242500E+2	4,106990E-7	3,587359E-8	-2,089738E-2	4,657346E-1
9,245000E+2	3,852115E-7	3,956150E-8	-4,017110E-1	4,656154E-1
9,247500E+2	1,206367E-6	4,862785E-8	-2,231566E-1	4,493456E-1
9,250000E+2	1,532928E-6	4,812650E-8	-9,521408E-1	3,488738E-1
9,252500E+2	1,206126E-6	5,584750E-8	8,376198E-2	4,399045E-1
9,255000E+2	9,380906E-7	8,231389E-8	3,395184E-1	4,547249E-1
9,257500E+2	8,889325E-7	1,326697E-7	-1,214828E-1	4,181477E-1
9,260000E+2	6,140577E-7	1,304462E-7	1,460537E-1	4,785580E-1
9,262500E+2	4,917718E-7	7,505630E-8	-7,062227E-1	4,094136E-1
9,265000E+2	2,890014E-7	2,320182E-8	-1,759054E+0	2,794796E-1
9,267500E+2	2,520294E-7	1,829030E-8	-1,727212E+0	2,663568E-1
9,270000E+2	3,242225E-7	5,718382E-8	-1,774779E+0	3,021888E-1
9,272500E+2	2,432770E-7	2,571738E-8	-1,582913E+0	3,272778E-1
9,275000E+2	2,706119E-7	2,880899E-8	-2,129505E+0	5,217032E-2
9,277500E+2	2,670269E-7	2,585042E-8	-2,048372E+0	3,715461E-2
9,280000E+2	2,549157E-7	2,679651E-8	-1,513509E+0	3,577166E-1
9,282500E+2	2,387385E-7	1,147976E-8	-1,894514E+0	2,677545E-1
9,285000E+2	2,340141E-7	1,354796E-8	-1,572659E+0	2,875836E-1
9,287500E+2	2,284332E-7	7,924824E-9	-1,383626E+0	4,212204E-1
9,290000E+2	2,231383E-7	9,484948E-9	-1,781257E+0	2,655004E-1
9,292500E+2	2,418039E-7	7,365955E-9	-2,043212E+0	6,585077E-2
9,295000E+2	2,552648E-7	1,138992E-8	-2,045592E+0	4,942111E-2
9,297500E+2	2,330444E-7	1,440082E-8	-1,957541E+0	2,792363E-1
9,300000E+2	2,318654E-7	8,850864E-9	-2,071718E+0	4,246860E-2
